   3.1415926535897933E-003  0.10228623579047080     
   6.2831853071795866E-003  0.10229212366592910     
   9.4247779607693795E-003  0.10230193660536502     
   1.2566370614359173E-002  0.10231567432928723     
   1.5707963267948967E-002  0.10233333644641607     
   1.8849555921538759E-002  0.10235492245368483     
   2.1991148575128554E-002  0.10238043173625022     
   2.5132741228718346E-002  0.10240986356749948     
   2.8274333882308138E-002  0.10244321710906013     
   3.1415926535897934E-002  0.10248049141081461     
   3.4557519189487726E-002  0.10252168541090900     
   3.7699111843077518E-002  0.10256679793577450     
   4.0840704496667310E-002  0.10261582770013744     
   4.3982297150257109E-002  0.10266877330704172     
   4.7123889803846901E-002  0.10272563324786721     
   5.0265482457436693E-002  0.10278640590235122     
   5.3407075111026485E-002  0.10285108953861177     
   5.6548667764616277E-002  0.10291968231317161     
   5.9690260418206076E-002  0.10299218227098461     
   6.2831853071795868E-002  0.10306858734546409     
   6.5973445725385660E-002  0.10314889535851013     
   6.9115038378975452E-002  0.10323310402054309     
   7.2256631032565244E-002  0.10332121093053404     
   7.5398223686155036E-002  0.10341321357603961     
   7.8539816339744828E-002  0.10350910933323731     
   8.1681408993334620E-002  0.10360889546696317     
   8.4823001646924426E-002  0.10371256913074944     
   8.7964594300514218E-002  0.10382012736686586     
   9.1106186954104010E-002  0.10393156710636164     
   9.4247779607693802E-002  0.10404688516910776     
   9.7389372261283594E-002  0.10416607826384350     
  0.10053096491487339       0.10428914298822223     
  0.10367255756846318       0.10441607582885915     
  0.10681415022205297       0.10454687316138234     
  0.10995574287564276       0.10468153125048241     
  0.11309733552923255       0.10482004624996732     
  0.11623892818282235       0.10496241420281516     
  0.11938052083641215       0.10510863104123036     
  0.12252211349000194       0.10525869258670340     
  0.12566370614359174       0.10541259455006657     
  0.12880529879718153       0.10557033253155712     
  0.13194689145077132       0.10573190202087901     
  0.13508848410436111       0.10589729839726603     
  0.13823007675795090       0.10606651692954872     
  0.14137166941154070       0.10623955277621877     
  0.14451326206513049       0.10641640098550098     
  0.14765485471872028       0.10659705649541962     
  0.15079644737231007       0.10678151413387327     
  0.15393804002589986       0.10696976861870611     
  0.15707963267948966       0.10716181455778306     
  0.16022122533307945       0.10735764644906648     
  0.16336281798666924       0.10755725868069343     
  0.16650441064025903       0.10776064553105519     
  0.16964600329384885       0.10796780116887872     
  0.17278759594743864       0.10817871965330850     
  0.17592918860102844       0.10839339493399064     
  0.17907078125461823       0.10861182085115884     
  0.18221237390820802       0.10883399113572084     
  0.18535396656179781       0.10905989940934796     
  0.18849555921538760       0.10928953918456430     
  0.19163715186897740       0.10952290386483932     
  0.19477874452256719       0.10975998674467968     
  0.19792033717615698       0.11000078100972654     
  0.20106192982974677       0.11024527973684906     
  0.20420352248333656       0.11049347589424408     
  0.20734511513692636       0.11074536234153493     
  0.21048670779051615       0.11100093182987192     
  0.21362830044410594       0.11126017700203555     
  0.21676989309769573       0.11152309039253988     
  0.21991148575128552       0.11178966442773797     
  0.22305307840487532       0.11205989142592937     
  0.22619467105846511       0.11233376359746827     
  0.22933626371205490       0.11261127304487267     
  0.23247785636564469       0.11289241176293785     
  0.23561944901923451       0.11317717163884727     
  0.23876104167282430       0.11346554445228896     
  0.24190263432641410       0.11375752187557003     
  0.24504422698000389       0.11405309547373516     
  0.24818581963359368       0.11435225670468518     
  0.25132741228718347       0.11465499691929776     
  0.25446900494077324       0.11496130736154969     
  0.25761059759436306       0.11527117916863999     
  0.26075219024795282       0.11558460337111504     
  0.26389378290154264       0.11590157089299535     
  0.26703537555513240       0.11622207255190325     
  0.27017696820872222       0.11654609905919228     
  0.27331856086231204       0.11687364102007886     
  0.27646015351590181       0.11720468893377395     
  0.27960174616949163       0.11753923319361720     
  0.28274333882308139       0.11787726408721266     
  0.28588493147667121       0.11821877179656520     
  0.28902652413026098       0.11856374639821915     
  0.29216811678385080       0.11891217786339803     
  0.29530970943744056       0.11926405605814583     
  0.29845130209103038       0.11961937074346951     
  0.30159289474462014       0.11997811157548383     
  0.30473448739820996       0.12034026810555637     
  0.30787608005179973       0.12070582978045469     
  0.31101767270538955       0.12107478594249527     
  0.31415926535897931       0.12144712582969358     
  0.31730085801256913       0.12182283857591450     
  0.32044245066615890       0.12220191321102680     
  0.32358404331974872       0.12258433866105603     
  0.32672563597333848       0.12297010374834133     
  0.32986722862692830       0.12335919719169197     
  0.33300882128051806       0.12375160760654622     
  0.33615041393410788       0.12414732350513166     
  0.33929200658769770       0.12454633329662629     
  0.34243359924128747       0.12494862528732170     
  0.34557519189487729       0.12535418768078715     
  0.34871678454846705       0.12576300857803546     
  0.35185837720205687       0.12617507597769048     
  0.35499996985564664       0.12659037777615506     
  0.35814156250923646       0.12700890176778157     
  0.36128315516282622       0.12743063564504270     
  0.36442474781641604       0.12785556699870504     
  0.36756634047000580       0.12828368331800241     
  0.37070793312359562       0.12871497199081211     
  0.37384952577718539       0.12914942030383131     
  0.37699111843077521       0.12958701544275592     
  0.38013271108436497       0.13002774449246002     
  0.38327430373795479       0.13047159443717699     
  0.38641589639154456       0.13091855216068193     
  0.38955748904513438       0.13136860444647597     
  0.39269908169872414       0.13182173797797064     
  0.39584067435231396       0.13227793933867549     
  0.39898226700590372       0.13273719501238512     
  0.40212385965949354       0.13319949138336923     
  0.40526545231308336       0.13366481473656278     
  0.40840704496667313       0.13413315125775810     
  0.41154863762026295       0.13460448703379857     
  0.41469023027385271       0.13507880805277298     
  0.41783182292744253       0.13555610020421169     
  0.42097341558103230       0.13603634927928421     
  0.42411500823462212       0.13651954097099736     
  0.42725660088821188       0.13700566087439614     
  0.43039819354180170       0.13749469448676421     
  0.43353978619539146       0.13798662720782742     
  0.43668137884898128       0.13848144433995735     
  0.43982297150257105       0.13897913108837628     
  0.44296456415616087       0.13947967256136498     
  0.44610615680975063       0.13998305377046899     
  0.44924774946334045       0.14048925963070971     
  0.45238934211693022       0.14099827496079309     
  0.45553093477052004       0.14151008448332325     
  0.45867252742410980       0.14202467282501377     
  0.46181412007769962       0.14254202451690359     
  0.46495571273128938       0.14306212399457174     
  0.46809730538487920       0.14358495559835494     
  0.47123889803846902       0.14411050357356542     
  0.47438049069205879       0.14463875207071014     
  0.47752208334564861       0.14516968514571224     
  0.48066367599923837       0.14570328676013258     
  0.48380526865282819       0.14623954078139317     
  0.48694686130641796       0.14677843098300150     
  0.49008845396000777       0.14731994104477636     
  0.49323004661359754       0.14786405455307483     
  0.49637163926718736       0.14841075500102074     
  0.49951323192077712       0.14896002578873371     
  0.50265482457436694       0.14951185022356006     
  0.50579641722795676       0.15006621152030494     
  0.50893800988154647       0.15062309280146466     
  0.51207960253513629       0.15118247709746213     
  0.51522119518872611       0.15174434734688144     
  0.51836278784231593       0.15230868639670520     
  0.52150438049590564       0.15287547700255205     
  0.52464597314949546       0.15344470182891612     
  0.52778756580308528       0.15401634344940729     
  0.53092915845667510       0.15459038434699252     
  0.53407075111026481       0.15516680691423845     
  0.53721234376385463       0.15574559345355588     
  0.54035393641744445       0.15632672617744403     
  0.54349552907103427       0.15691018720873698     
  0.54663712172462409       0.15749595858085122     
  0.54977871437821380       0.15808402223803400     
  0.55292030703180362       0.15867436003561289     
  0.55606189968539343       0.15926695374024652     
  0.55920349233898325       0.15986178503017692     
  0.56234508499257296       0.16045883549548173     
  0.56548667764616278       0.16105808663832949     
  0.56862827029975260       0.16165951987323407     
  0.57176986295334242       0.16226311652731126     
  0.57491145560693213       0.16286885784053673     
  0.57805304826052195       0.16347672496600402     
  0.58119464091411177       0.16408669897018494     
  0.58433623356770159       0.16469876083318960     
  0.58747782622129130       0.16531289144902922     
  0.59061941887488112       0.16592907162587830     
  0.59376101152847094       0.16654728208633934     
  0.59690260418206076       0.16716750346770776     
  0.60004419683565047       0.16778971632223780     
  0.60318578948924029       0.16841390111741036     
  0.60632738214283011       0.16904003823620098     
  0.60946897479641993       0.16966810797734910     
  0.61261056745000975       0.17029809055562900     
  0.61575216010359946       0.17092996610212044     
  0.61889375275718927       0.17156371466448239     
  0.62203534541077909       0.17219931620722503     
  0.62517693806436891       0.17283675061198570     
  0.62831853071795862       0.17347599767780317     
  0.63146012337154844       0.17411703712139553     
  0.63460171602513826       0.17475984857743659     
  0.63774330867872808       0.17540441159883519     
  0.64088490133231779       0.17605070565701419     
  0.64402649398590761       0.17669871014219160     
  0.64716808663949743       0.17734840436366167     
  0.65030967929308725       0.17799976755007754     
  0.65345127194667696       0.17865277884973435     
  0.65659286460026678       0.17930741733085453     
  0.65973445725385660       0.17996366198187191     
  0.66287604990744642       0.18062149171171904     
  0.66601764256103613       0.18128088535011400     
  0.66915923521462595       0.18194182164784867     
  0.67230082786821577       0.18260427927707773     
  0.67544242052180559       0.18326823683160898     
  0.67858401317539541       0.18393367282719381     
  0.68172560582898512       0.18460056570181935     
  0.68486719848257493       0.18526889381600142     
  0.68800879113616475       0.18593863545307765     
  0.69115038378975457       0.18660976881950242     
  0.69429197644334428       0.18728227204514220     
  0.69743356909693410       0.18795612318357144     
  0.70057516175052392       0.18863130021237065     
  0.70371675440411374       0.18930778103342313     
  0.70685834705770345       0.18998554347321495     
  0.70999993971129327       0.19066456528313408     
  0.71314153236488309       0.19134482413977125     
  0.71628312501847291       0.19202629764522094     
  0.71942471767206262       0.19270896332738385     
  0.72256631032565244       0.19339279864027012     
  0.72570790297924226       0.19407778096430267     
  0.72884949563283208       0.19476388760662222     
  0.73199108828642179       0.19545109580139255     
  0.73513268094001161       0.19613938271010703     
  0.73827427359360143       0.19682872542189500     
  0.74141586624719125       0.19751910095383035     
  0.74455745890078107       0.19821048625123938     
  0.74769905155437077       0.19890285818801057     
  0.75084064420796059       0.19959619356690447     
  0.75398223686155041       0.20029046911986448     
  0.75712382951514023       0.20098566150832842     
  0.76026542216872994       0.20168174732354077     
  0.76340701482231976       0.20237870308686590     
  0.76654860747590958       0.20307650525010157     
  0.76969020012949940       0.20377513019579335     
  0.77283179278308911       0.20447455423754968     
  0.77597338543667893       0.20517475362035809     
  0.77911497809026875       0.20587570452090118     
  0.78225657074385857       0.20657738304787401     
  0.78539816339744828       0.20727976524230207     
  0.78853975605103810       0.20798282707785967     
  0.79168134870462792       0.20868654446118895     
  0.79482294135821774       0.20939089323221993     
  0.79796453401180745       0.21009584916449087     
  0.80110612666539727       0.21080138796546910     
  0.80424771931898709       0.21150748527687316     
  0.80738931197257691       0.21221411667499468     
  0.81053090462616673       0.21292125767102138     
  0.81367249727975643       0.21362888371136074     
  0.81681408993334625       0.21433697017796388     
  0.81995568258693607       0.21504549238865023     
  0.82309727524052589       0.21575442559743291     
  0.82623886789411560       0.21646374499484433     
  0.82938046054770542       0.21717342570826267     
  0.83252205320129524       0.21788344280223881     
  0.83566364585488506       0.21859377127882329     
  0.83880523850847477       0.21930438607789496     
  0.84194683116206459       0.22001526207748895     
  0.84508842381565441       0.22072637409412577     
  0.84823001646924423       0.22143769688314086     
  0.85137160912283394       0.22214920513901443     
  0.85451320177642376       0.22286087349570191     
  0.85765479443001358       0.22357267652696500     
  0.86079638708360340       0.22428458874670301     
  0.86393797973719311       0.22499658460928451     
  0.86707957239078293       0.22570863850987985     
  0.87022116504437275       0.22642072478479380     
  0.87336275769796257       0.22713281771179863     
  0.87650435035155239       0.22784489151046775     
  0.87964594300514209       0.22855692034250963     
  0.88278753565873191       0.22926887831210233     
  0.88592912831232173       0.22998073946622799     
  0.88907072096591155       0.23069247779500829     
  0.89221231361950126       0.23140406723203943     
  0.89535390627309108       0.23211548165472898     
  0.89849549892668090       0.23282669488463087     
  0.90163709158027072       0.23353768068778302     
  0.90477868423386043       0.23424841277504366     
  0.90792027688745025       0.23495886480242861     
  0.91106186954104007       0.23566901037144913     
  0.91420346219462989       0.23637882302944921     
  0.91734505484821960       0.23708827626994433     
  0.92048664750180942       0.23779734353295931     
  0.92362824015539924       0.23850599820536753     
  0.92676983280898906       0.23921421362122922     
  0.92991142546257877       0.23992196306213134     
  0.93305301811616859       0.24062921975752646     
  0.93619461076975841       0.24133595688507281     
  0.93933620342334823       0.24204214757097406     
  0.94247779607693805       0.24274776489031910     
  0.94561938873052775       0.24345278186742283     
  0.94876098138411757       0.24415717147616647     
  0.95190257403770739       0.24486090664033799     
  0.95504416669129721       0.24556396023397323     
  0.95818575934488692       0.24626630508169681     
  0.96132735199847674       0.24696791395906303     
  0.96446894465206656       0.24766875959289758     
  0.96761053730565638       0.24836881466163846     
  0.97075212995924609       0.24906805179567787     
  0.97389372261283591       0.24976644357770339     
  0.97703531526642573       0.25046396254304026     
  0.98017690792001555       0.25116058117999235     
  0.98331850057360526       0.25185627193018478     
  0.98646009322719508       0.25255100718890544     
  0.98960168588078490       0.25324475930544671     
  0.99274327853437472       0.25393750058344788     
  0.99588487118796443       0.25462920328123689     
  0.99902646384155425       0.25531983961217231     
   1.0021680564951441       0.25600938174498533     
   1.0053096491487339       0.25669780180412199     
   1.0084512418023237       0.25738507187008464     
   1.0115928344559135       0.25807116397977437     
   1.0147344271095033       0.25875605012683256     
   1.0178760197630929       0.25943970226198254     
   1.0210176124166828       0.26012209229337202     
   1.0241592050702726       0.26080319208691383     
   1.0273007977238624       0.26148297346662802     
   1.0304423903774522       0.26216140821498302     
   1.0335839830310420       0.26283846807323713     
   1.0367255756846319       0.26351412474177965     
   1.0398671683382217       0.26418834988047163     
   1.0430087609918113       0.26486111510898702     
   1.0461503536454011       0.26553239200715339     
   1.0492919462989909       0.26620215211529197     
   1.0524335389525807       0.26687036693455840     
   1.0555751316061706       0.26753700792728258     
   1.0587167242597604       0.26820204651730856     
   1.0618583169133502       0.26886545409033397     
   1.0649999095669400       0.26952720199424951     
   1.0681415022205296       0.27018726153947814     
   1.0712830948741194       0.27084560399931362     
   1.0744246875277093       0.27150220061025904     
   1.0775662801812991       0.27215702257236529     
   1.0807078728348889       0.27281004104956830     
   1.0838494654884787       0.27346122717002735     
   1.0869910581420685       0.27411055202646134     
   1.0901326507956584       0.27475798667648660     
   1.0932742434492482       0.27540350214295228     
   1.0964158361028378       0.27604706941427726     
   1.0995574287564276       0.27668865944478510     
   1.1026990214100174       0.27732824315503962     
   1.1058406140636072       0.27796579143217959     
   1.1089822067171970       0.27860127513025273     
   1.1121237993707869       0.27923466507054995     
   1.1152653920243767       0.27986593204193849     
   1.1184069846779665       0.28049504680119475     
   1.1215485773315561       0.28112198007333666     
   1.1246901699851459       0.28174670255195561     
   1.1278317626387357       0.28236918489954743     
   1.1309733552923256       0.28298939774784332     
   1.1341149479459154       0.28360731169813996     
   1.1372565405995052       0.28422289732162881     
   1.1403981332530950       0.28483612515972545     
   1.1435397259066848       0.28544696572439732     
   1.1466813185602747       0.28605538949849213     
   1.1498229112138643       0.28666136693606403     
   1.1529645038674541       0.28726486846270072     
   1.1561060965210439       0.28786586447584855     
   1.1592476891746337       0.28846432534513755     
   1.1623892818282235       0.28906022141270621     
   1.1655308744818134       0.28965352299352382     
   1.1686724671354032       0.29024420037571441     
   1.1718140597889930       0.29083222382087814     
   1.1749556524425826       0.29141756356441223     
   1.1780972450961724       0.29200018981583198     
   1.1812388377497622       0.29258007275908954     
   1.1843804304033521       0.29315718255289336     
   1.1875220230569419       0.29373148933102533     
   1.1906636157105317       0.29430296320265814     
   1.1938052083641215       0.29487157425267146     
   1.1969468010177113       0.29543729254196666     
   1.2000883936713009       0.29600008810778111     
   1.2032299863248908       0.29655993096400196     
   1.2063715789784806       0.29711679110147782     
   1.2095131716320704       0.29767063848833025     
   1.2126547642856602       0.29822144307026416     
   1.2157963569392500       0.29876917477087700     
   1.2189379495928399       0.29931380349196696     
   1.2220795422464297       0.29985529911384012     
   1.2252211349000195       0.30039363149561682     
   1.2283627275536091       0.30092877047553601     
   1.2315043202071989       0.30146068587125979     
   1.2346459128607887       0.30198934748017564     
   1.2377875055143785       0.30251472507969823     
   1.2409290981679684       0.30303678842756937     
   1.2440706908215582       0.30355550726215774     
   1.2472122834751480       0.30407085130275635     
   1.2503538761287378       0.30458279024987950     
   1.2534954687823274       0.30509129378555794     
   1.2566370614359172       0.30559633157363331     
   1.2597786540895071       0.30609787326005050     
   1.2629202467430969       0.30659588847314950     
   1.2660618393966867       0.30709034682395558     
   1.2692034320502765       0.30758121790646770     
   1.2723450247038663       0.30806847129794590     
   1.2754866173574562       0.30855207655919759     
   1.2786282100110460       0.30903200323486169     
   1.2817698026646356       0.30950822085369178     
   1.2849113953182254       0.30998069892883756     
   1.2880529879718152       0.31044940695812506     
   1.2911945806254050       0.31091431442433493     
   1.2943361732789949       0.31137539079547921     
   1.2974777659325847       0.31183260552507713     
   1.3006193585861745       0.31228592805242855     
   1.3037609512397643       0.31273532780288621     
   1.3069025438933539       0.31318077418812573     
   1.3100441365469437       0.31362223660641514     
   1.3131857292005336       0.31405968444288135     
   1.3163273218541234       0.31449308706977569     
   1.3194689145077132       0.31492241384673747     
   1.3226105071613030       0.31534763412105582     
   1.3257520998148928       0.31576871722792971     
   1.3288936924684827       0.31618563249072590     
   1.3320352851220723       0.31659834922123548     
   1.3351768777756621       0.31700683671992808     
   1.3383184704292519       0.31741106427620469     
   1.3414600630828417       0.31781100116864791     
   1.3446016557364315       0.31820661666527056     
   1.3477432483900214       0.31859788002376249     
   1.3508848410436112       0.31898476049173502     
   1.3540264336972010       0.31936722730696337     
   1.3571680263507908       0.31974524969762746     
   1.3603096190043804       0.32011879688254968     
   1.3634512116579702       0.32048783807143172     
   1.3665928043115600       0.32085234246508820     
   1.3697343969651499       0.32121227925567863     
   1.3728759896187397       0.32156761762693692     
   1.3760175822723295       0.32191832675439902     
   1.3791591749259193       0.32226437580562767     
   1.3823007675795091       0.32260573394043529     
   1.3854423602330987       0.32294237031110445     
   1.3885839528866886       0.32327425406260601     
   1.3917255455402784       0.32360135433281423     
   1.3948671381938682       0.32392364025272058     
   1.3980087308474580       0.32424108094664394     
   1.4011503235010478       0.32455364553243926     
   1.4042919161546377       0.32486130312170269     
   1.4074335088082275       0.32516402281997492     
   1.4105751014618173       0.32546177372694191     
   1.4137166941154069       0.32575452493663215     
   1.4168582867689967       0.32604224553761241     
   1.4199998794225865       0.32632490461317953     
   1.4231414720761764       0.32660247124155067     
   1.4262830647297662       0.32687491449605005     
   1.4294246573833560       0.32714220344529277     
   1.4325662500369458       0.32740430715336649     
   1.4357078426905356       0.32766119468000943     
   1.4388494353441252       0.32791283508078578     
   1.4419910279977151       0.32815919740725852     
   1.4451326206513049       0.32840025070715839     
   1.4482742133048947       0.32863596402455081     
   1.4514158059584845       0.32886630639999842     
   1.4545573986120743       0.32909124687072228     
   1.4576989912656642       0.32931075447075797     
   1.4608405839192540       0.32952479823111008     
   1.4639821765728436       0.32973334717990260     
   1.4671237692264334       0.32993637034252604     
   1.4702653618800232       0.33013383674178182     
   1.4734069545336130       0.33032571539802252     
   1.4765485471872029       0.33051197532928939     
   1.4796901398407927       0.33069258555144587     
   1.4828317324943825       0.33086751507830808     
   1.4859733251479723       0.33103673292177144     
   1.4891149178015621       0.33120020809193396     
   1.4922565104551517       0.33135790959721556     
   1.4953981031087415       0.33150980644447420     
   1.4985396957623314       0.33165586763911781     
   1.5016812884159212       0.33179606218521279     
   1.5048228810695110       0.33193035908558827     
   1.5079644737231008       0.33205872734193748     
   1.5111060663766906       0.33218113595491389     
   1.5142476590302805       0.33229755392422439     
   1.5173892516838701       0.33240795024871811     
   1.5205308443374599       0.33251229392647114     
   1.5236724369910497       0.33261055395486711     
   1.5268140296446395       0.33270269933067409     
   1.5299556222982293       0.33278869905011638     
   1.5330972149518192       0.33286852210894302     
   1.5362388076054090       0.33294213750249135     
   1.5393804002589988       0.33300951422574621     
   1.5425219929125886       0.33307062127339532     
   1.5456635855661782       0.33312542763987940     
   1.5488051782197680       0.33317390231943822     
   1.5519467708733579       0.33321601430615194     
   1.5550883635269477       0.33325173259397811     
   1.5582299561805375       0.33328102617678307     
   1.5613715488341273       0.33330386404836992     
   1.5645131414877171       0.33332021520250027     
   1.5676547341413070       0.33333004863291238     
   1.5707963267948966       0.33333333333333331     
   1.5739379194484864       0.33333003829748686     
   1.5770795121020762       0.33332013251909581     
   1.5802211047556660       0.33330358499187979     
   1.5833626974092558       0.33328036470954686     
   1.5865042900628457       0.33325044066578113     
   1.5896458827164355       0.33321378185422396     
   1.5927874753700253       0.33317035726845029     
   1.5959290680236149       0.33312013590193978     
   1.5990706606772047       0.33306308674804158     
   1.6022122533307945       0.33299917879993435     
   1.6053538459843844       0.33292838105058015     
   1.6084954386379742       0.33285066249267292     
   1.6116370312915640       0.33276599211858077     
   1.6147786239451538       0.33267433892028253     
   1.6179202165987436       0.33257567188929865     
   1.6210618092523335       0.33246996001661566     
   1.6242034019059230       0.33235717229260492     
   1.6273449945595129       0.33223727770693451     
   1.6304865872131027       0.33211024524847582     
   1.6336281798666925       0.33197604390520313     
   1.6367697725202823       0.33183464266408685     
   1.6399113651738721       0.33168601051098057     
   1.6430529578274620       0.33153011643050123     
   1.6461945504810518       0.33136692940590268     
   1.6493361431346414       0.33119641841894265     
   1.6524777357882312       0.33101855244974276     
   1.6556193284418210       0.33083330047664167     
   1.6587609210954108       0.33064063147604100     
   1.6619025137490007       0.33044051442224481     
   1.6650441064025905       0.33023291828729112     
   1.6681856990561803       0.33001781204077613     
   1.6713272917097701       0.32979516464967223     
   1.6744688843633597       0.32956494507813722     
   1.6776104770169495       0.32932712228731625     
   1.6807520696705394       0.32908166523513710     
   1.6838936623241292       0.32882854287609609     
   1.6870352549777190       0.32856772416103769     
   1.6901768476313088       0.32829917803692504     
   1.6933184402848986       0.32802287344660314     
   1.6964600329384885       0.32773877932855305     
   1.6996016255920783       0.32744686461663935     
   1.7027432182456679       0.32714709823984706     
   1.7058848108992577       0.32683944912201224     
   1.7090264035528475       0.32652388618154232     
   1.7121679962064373       0.32620037833112880     
   1.7153095888600272       0.32586889447745065     
   1.7184511815136170       0.32552940352086895     
   1.7215927741672068       0.32518187435511203     
   1.7247343668207966       0.32482627586695245     
   1.7278759594743862       0.32446257693587344     
   1.7310175521279760       0.32409074643372682     
   1.7341591447815659       0.32371075322438125     
   1.7373007374351557       0.32332256616336025     
   1.7404423300887455       0.32292615409747139     
   1.7435839227423353       0.32252148586442442     
   1.7467255153959251       0.32210853029244046     
   1.7498671080495150       0.32168725619985028     
   1.7530087007031048       0.32125763239468241     
   1.7561502933566944       0.32081962767424094     
   1.7592918860102842       0.32037321082467263     
   1.7624334786638740       0.31991835062052332     
   1.7655750713174638       0.31945501582428332     
   1.7687166639710536       0.31898317518592195     
   1.7718582566246435       0.31850279744241061     
   1.7749998492782333       0.31801385131723514     
   1.7781414419318231       0.31751630551989579     
   1.7812830345854127       0.31701012874539636     
   1.7844246272390025       0.31649528967372109     
   1.7875662198925923       0.31597175696929974     
   1.7907078125461822       0.31543949928046039     
   1.7938494051997720       0.31489848523887037     
   1.7969909978533618       0.31434868345896400     
   1.8001325905069516       0.31379006253735842     
   1.8032741831605414       0.31322259105225647     
   1.8064157758141310       0.31264623756283599     
   1.8095573684677209       0.31206097060862681     
   1.8126989611213107       0.31146675870887358     
   1.8158405537749005       0.31086357036188611     
   1.8189821464284903       0.31025137404437475     
   1.8221237390820801       0.30963013821077268     
   1.8252653317356700       0.30899983129254394     
   1.8284069243892598       0.30836042169747713     
   1.8315485170428496       0.30771187780896447     
   1.8346901096964392       0.30705416798526619     
   1.8378317023500290       0.30638726055876025     
   1.8409732950036188       0.30571112383517646     
   1.8441148876572087       0.30502572609281592     
   1.8472564803107985       0.30433103558175401     
   1.8503980729643883       0.30362702052302870     
   1.8535396656179781       0.30291364910781160     
   1.8566812582715679       0.30219088949656381     
   1.8598228509251575       0.30145870981817480     
   1.8629644435787474       0.30071707816908455     
   1.8661060362323372       0.29996596261238884     
   1.8692476288859270       0.29920533117692749     
   1.8723892215395168       0.29843515185635505     
   1.8755308141931066       0.29765539260819335     
   1.8786724068466965       0.29686602135286677     
   1.8818139995002863       0.29606700597271896     
   1.8849555921538761       0.29525831431101091     
   1.8880971848074657       0.29443991417090054     
   1.8912387774610555       0.29361177331440297     
   1.8943803701146453       0.29277385946133183     
   1.8975219627682351       0.29192614028822061     
   1.9006635554218250       0.29106858342722414     
   1.9038051480754148       0.29020115646500000     
   1.9069467407290046       0.28932382694156933     
   1.9100883333825944       0.28843656234915704     
   1.9132299260361840       0.28753933013101052     
   1.9163715186897738       0.28663209768019687     
   1.9195131113433637       0.28571483233837924     
   1.9226547039969535       0.28478750139456965     
   1.9257962966505433       0.28385007208386076     
   1.9289378893041331       0.28290251158613361     
   1.9320794819577229       0.28194478702474340     
   1.9352210746113128       0.28097686546518108     
   1.9383626672649024       0.27999871391371078     
   1.9415042599184922       0.27901029931598409     
   1.9446458525720820       0.27801158855562880     
   1.9477874452256718       0.27700254845281330     
   1.9509290378792616       0.27598314576278504     
   1.9540706305328515       0.27495334717438352     
   1.9572122231864413       0.27391311930852758     
   1.9603538158400311       0.27286242871667493     
   1.9634954084936209       0.27180124187925631     
   1.9666370011472105       0.27072952520408078     
   1.9697785938008003       0.26964724502471366     
   1.9729201864543902       0.26855436759882689     
   1.9760617791079800       0.26745085910651956     
   1.9792033717615698       0.26633668564860979     
   1.9823449644151596       0.26521181324489701     
   1.9854865570687494       0.26407620783239394     
   1.9886281497223393       0.26292983526352776     
   1.9917697423759289       0.26177266130431093     
   1.9949113350295187       0.26060465163247892     
   1.9980529276831085       0.25942577183559778     
   2.0011945203366985       0.25823598740913711     
   2.0043361129902881       0.25703526375451147     
   2.0074777056438777       0.25582356617708663     
   2.0106192982974678       0.25460085988415215     
   2.0137608909510574       0.25336710998286033     
   2.0169024836046474       0.25212228147812660     
   2.0200440762582370       0.25086633927049801     
   2.0231856689118271       0.24959924815398066     
   2.0263272615654166       0.24832097281383431     
   2.0294688542190067       0.24703147782432486     
   2.0326104468725963       0.24573072764644277     
   2.0357520395261859       0.24441868662557775     
   2.0388936321797759       0.24309531898915721     
   2.0420352248333655       0.24176058884424315     
   2.0451768174869556       0.24041446017508641     
   2.0483184101405452       0.23905689684064199     
   2.0514600027941352       0.23768786257203839     
   2.0546015954477248       0.23630732097000701     
   2.0577431881013144       0.23491523550226442     
   2.0608847807549044       0.23351156950085214     
   2.0640263734084940       0.23209628615942987     
   2.0671679660620841       0.23066934853052171     
   2.0703095587156737       0.22923071952271704     
   2.0734511513692637       0.22778036189782064     
   2.0765927440228533       0.22631823826795738     
   2.0797343366764434       0.22484431109262334     
   2.0828759293300330       0.22335854267569027     
   2.0860175219836226       0.22186089516235494     
   2.0891591146372126       0.22035133053603861     
   2.0923007072908022       0.21882981061523263     
   2.0954422999443922       0.21729629705028802     
   2.0985838925979818       0.21575075132015320     
   2.1017254852515719       0.21419313472905122     
   2.1048670779051615       0.21262340840310401     
   2.1080086705587515       0.21104153328689418     
   2.1111502632123411       0.20944747013997161     
   2.1142918558659307       0.20784117953329573     
   2.1174334485195208       0.20622262184561851     
   2.1205750411731104       0.20459175725980513     
   2.1237166338267004       0.20294854575908827     
   2.1268582264802900       0.20129294712326085     
   2.1299998191338800       0.19962492092479872     
   2.1331414117874696       0.19794442652491989     
   2.1362830044410592       0.19625142306957138     
   2.1394245970946493       0.19454586948534852     
   2.1425661897482389       0.19282772447534252     
   2.1457077824018289       0.19109694651491393     
   2.1488493750554185       0.18935349384739453     
   2.1519909677090086       0.18759732447971061     
   2.1551325603625981       0.18582839617793354     
   2.1582741530161882       0.18404666646274703     
   2.1614157456697778       0.18225209260483974     
   2.1645573383233674       0.18044463162021201     
   2.1676989309769574       0.17862424026540219     
   2.1708405236305470       0.17679087503262900     
   2.1739821162841371       0.17494449214484439     
   2.1771237089377267       0.17308504755070320     
   2.1802653015913167       0.17121249691943830     
   2.1834068942449063       0.16932679563564909     
   2.1865484868984963       0.16742789879399270     
   2.1896900795520859       0.16551576119378422     
   2.1928316722056755       0.16359033733349609     
   2.1959732648592656       0.16165158140516139     
   2.1991148575128552       0.15969944728867685     
   2.2022564501664452       0.15773388854599957     
   2.2053980428200348       0.15575485841524384     
   2.2085396354736249       0.15376230980466590     
   2.2116812281272145       0.15175619528654460     
   2.2148228207808045       0.14973646709094607     
   2.2179644134343941       0.14770307709937899     
   2.2211060060879837       0.14565597683833043     
   2.2242475987415737       0.14359511747268555     
   2.2273891913951633       0.14152044979902692     
   2.2305307840487534       0.13943192423880763     
   2.2336723767023430       0.13732949083140333     
   2.2368139693559330       0.13521309922703062     
   2.2399555620095226       0.13308269867953940     
   2.2430971546631122       0.13093823803906718     
   2.2462387473167023       0.12877966574455935     
   2.2493803399702919       0.12660692981615002     
   2.2525219326238819       0.12441997784739764     
   2.2556635252774715       0.12221875699737958     
   2.2588051179310615       0.12000321398263269     
   2.2619467105846511       0.11777329506894763     
   2.2650883032382412       0.11552894606300337     
   2.2682298958918308       0.11327011230384731     
   2.2713714885454204       0.11099673865420963     
   2.2745130811990104       0.10870876949165556     
   2.2776546738526000       0.10640614869956815     
   2.2807962665061901       0.10408881965795494     
   2.2839378591597796       0.10175672523408465     
   2.2870794518133697        9.9409807772936037E-002
   2.2902210444669593        9.7048009087469425E-002
   2.2933626371205493        9.4671270448703507E-002
   2.2965042297741389        9.2279532575605241E-002
   2.2996458224277285        8.9872735624777947E-002
   2.3027874150813186        8.7450819179950692E-002
   2.3059290077349082        8.5013722241262163E-002
   2.3090706003884982        8.2561383214330999E-002
   2.3122121930420878        8.0093739899114447E-002
   2.3153537856956778        7.7610729478543000E-002
   2.3184953783492674        7.5112288506933619E-002
   2.3216369710028570        7.2598352898168086E-002
   2.3247785636564471        7.0068857913638677E-002
   2.3279201563100367        6.7523738149952106E-002
   2.3310617489636267        6.4962927526383982E-002
   2.3342033416172163        6.2386359272084579E-002
   2.3373449342708064        5.9793965913020844E-002
   2.3404865269243960        5.7185679258659694E-002
   2.3436281195779860        5.4561430388373564E-002
   2.3467697122315756        5.1921149637574646E-002
   2.3499113048851652        4.9264766583560229E-002
   2.3530528975387552        4.6592210031069795E-002
   2.3561944901923448        4.3903407997544289E-002
   2.3593360828459349        4.1198287698077554E-002
   2.3624776754995245        3.8476775530059487E-002
   2.3656192681531145        3.5738797057494068E-002
   2.3687608608067041        3.2984276994994816E-002
   2.3719024534602942        3.0213139191439031E-002
   2.3750440461138838        2.7425306613282879E-002
   2.3781856387674734        2.4620701327518424E-002
   2.3813272314210634        2.1799244484273242E-002
   2.3844688240746530        1.8960856299038542E-002
   2.3876104167282430        1.6105456034514812E-002
   2.3907520093818326        1.3232961982072897E-002
   2.3938936020354227        1.0343291442809488E-002
   2.3970351946890123        7.4363607082005984E-003
   2.4001767873426019        4.5120850403280732E-003
   2.4033183799961919        1.5703786516799434E-003
   2.4064599726497815       -1.3888453154904251E-003
   2.4096015653033716       -4.3656748102631066E-003
   2.4127431579569611       -7.3601988946082053E-003
   2.4158847506105512       -1.0372507765426475E-002
   2.4190263432641408       -1.3402692777072678E-002
   2.4221679359177308       -1.6450846464387284E-002
   2.4253095285713204       -1.9517062566237656E-002
   2.4284511212249100       -2.2601436049593956E-002
   2.4315927138785001       -2.5704063134144778E-002
   2.4347343065320897       -2.8825041317469616E-002
   2.4378758991856797       -3.1964469400789106E-002
   2.4410174918392693       -3.5122447515296432E-002
   2.4441590844928593       -3.8299077149100344E-002
   2.4473006771464489       -4.1494461174780492E-002
   2.4504422698000390       -4.4708703877589004E-002
   2.4535838624536286       -4.7941910984298577E-002
   2.4567254551072182       -5.1194189692730901E-002
   2.4598670477608082       -5.4465648701972180E-002
   2.4630086404143978       -5.7756398243299756E-002
   2.4661502330679879       -6.1066550111844232E-002
   2.4692918257215775       -6.4396217698995659E-002
   2.4724334183751675       -6.7745516025590313E-002
   2.4755750110287571       -7.1114561775884447E-002
   2.4787166036823467       -7.4503473332351841E-002
   2.4818581963359367       -7.7912370811318077E-002
   2.4849997889895263       -8.1341376099458754E-002
   2.4881413816431164       -8.4790612891192593E-002
   2.4912829742967060       -8.8260206726983564E-002
   2.4944245669502960       -9.1750285032592138E-002
   2.4975661596038856       -9.5260977159289634E-002
   2.5007077522574757       -9.8792414425078107E-002
   2.5038493449110653      -0.10234473015693209     
   2.5069909375646549      -0.10591805973410488     
   2.5101325302182449      -0.10951254063252136     
   2.5132741228718345      -0.11312831247029405     
   2.5164157155254245      -0.11676551705440112     
   2.5195573081790141      -0.12042429842854921     
   2.5226989008326042      -0.12410480292227330     
   2.5258404934861938      -0.12780717920129528     
   2.5289820861397838      -0.13153157831919543     
   2.5321236787933734      -0.13527815377042177     
   2.5352652714469630      -0.13904706154469576     
   2.5384068641005531      -0.14283846018284413     
   2.5415484567541426      -0.14665251083410569     
   2.5446900494077327      -0.15048937731496825     
   2.5478316420613223      -0.15434922616956848     
   2.5509732347149123      -0.15823222673172219     
   2.5541148273685019      -0.16213855118861958     
   2.5572564200220920      -0.16606837464625784     
   2.5603980126756816      -0.17002187519664902     
   2.5635396053292712      -0.17399923398687861     
   2.5666811979828612      -0.17800063529006105     
   2.5698227906364508      -0.18202626657826224     
   2.5729643832900408      -0.18607631859745741     
   2.5761059759436304      -0.19015098544458067     
   2.5792475685972205      -0.19425046464675200     
   2.5823891612508101      -0.19837495724273840     
   2.5855307539043997      -0.20252466786674234     
   2.5886723465579897      -0.20669980483458164     
   2.5918139392115793      -0.21090058023235059     
   2.5949555318651694      -0.21512721000765200     
   2.5980971245187590      -0.21937991406347587     
   2.6012387171723490      -0.22365891635483476     
   2.6043803098259386      -0.22796444498823482     
   2.6075219024795286      -0.23229673232409898     
   2.6106634951331182      -0.23665601508223341     
   2.6138050877867078      -0.24104253445045767     
   2.6169466804402979      -0.24545653619650309     
   2.6200882730938875      -0.24989827078330140     
   2.6232298657474775      -0.25436799348779204     
   2.6263714584010671      -0.25886596452336402     
   2.6295130510546572      -0.26339244916608329     
   2.6326546437082468      -0.26794771788482724     
   2.6357962363618368      -0.27253204647549256     
   2.6389378290154264      -0.27714571619940581     
   2.6420794216690160      -0.28178901392612110     
   2.6452210143226060      -0.28646223228074863     
   2.6483626069761956      -0.29116566979600017     
   2.6515041996297857      -0.29589963106913386     
   2.6546457922833753      -0.30066442692397627     
   2.6577873849369653      -0.30546037457823733     
   2.6609289775905549      -0.31028779781630511     
   2.6640705702441445      -0.31514702716775839     
   2.6672121628977346      -0.32003840009180606     
   2.6703537555513241      -0.32496226116789817     
   2.6734953482049142      -0.32991896229276396     
   2.6766369408585038      -0.33490886288411970     
   2.6797785335120938      -0.33993233009134061     
   2.6829201261656834      -0.34498973901336039     
   2.6860617188192735      -0.35008147292411979     
   2.6892033114728631      -0.35520792350585612     
   2.6923449041264527      -0.36036949109058547     
   2.6954864967800427      -0.36556658491010408     
   2.6986280894336323      -0.37079962335487981     
   2.7017696820872223      -0.37606903424222204     
   2.7049112747408119      -0.38137525509411019     
   2.7080528673944020      -0.38671873342512564     
   2.7111944600479916      -0.39209992704090402     
   2.7143360527015816      -0.39751930434759619     
   2.7174776453551712      -0.40297734467280250     
   2.7206192380087608      -0.40847453859851701     
   2.7237608306623509      -0.41401138830660489     
   2.7269024233159405      -0.41958840793738827     
   2.7300440159695305      -0.42520612396194929     
   2.7331856086231201      -0.43086507556876225     
   2.7363272012767101      -0.43656581506534686     
   2.7394687939302997      -0.44230890829561809     
   2.7426103865838893      -0.44809493507369891     
   2.7457519792374794      -0.45392448963496024     
   2.7488935718910690      -0.45979818110511894     
   2.7520351645446590      -0.46571663398827823     
   2.7551767571982486      -0.47168048867480816     
   2.7583183498518387      -0.47769040197007062     
   2.7614599425054283      -0.48374704764499060     
   2.7646015351590183      -0.48985111700959266     
   2.7677431278126079      -0.49600331951063092     
   2.7708847204661975      -0.50220438335456197     
   2.7740263131197875      -0.50845505615713638     
   2.7771679057733771      -0.51475610562099106     
   2.7803094984269672      -0.52110832024270948     
   2.7834510910805568      -0.52751251005087574     
   2.7865926837341468      -0.53396950737679150     
   2.7897342763877364      -0.54048016765957219     
   2.7928758690413265      -0.54704537028750755     
   2.7960174616949161      -0.55366601947762861     
   2.7991590543485056      -0.56034304519560729     
   2.8023006470020957      -0.56707740411820384     
   2.8054422396556853      -0.57387008064064371     
   2.8085838323092753      -0.58072208793147972     
   2.8117254249628649      -0.58763446903761052     
   2.8148670176164550      -0.59460829804238102     
   2.8180086102700446      -0.60164468127980719     
   2.8211502029236346      -0.60874475860825528     
   2.8242917955772242      -0.61590970474706130     
   2.8274333882308138      -0.62314073067988529     
   2.8305749808844038      -0.63043908512881042     
   2.8337165735379934      -0.63780605610350904     
   2.8368581661915835      -0.64524297253011720     
   2.8399997588451731      -0.65275120596475289     
   2.8431413514987631      -0.66033217239704034     
   2.8462829441523527      -0.66798733414932832     
   2.8494245368059423      -0.67571820187778542     
   2.8525661294595324      -0.68352633668196716     
   2.8557077221131220      -0.69141335232998491     
   2.8588493147667120      -0.69938091760696852     
   2.8619909074203016      -0.70743075879506812     
   2.8651325000738916      -0.71556466229396376     
   2.8682740927274812      -0.72378447739149399     
   2.8714156853810713      -0.73209211919486683     
   2.8745572780346609      -0.74048957173370145     
   2.8776988706882505      -0.74897889124715533     
   2.8808404633418405      -0.75756220966834831     
   2.8839820559954301      -0.76624173832046871     
   2.8871236486490202      -0.77501977184017323     
   2.8902652413026098      -0.78389869234521226     
   2.8934068339561998      -0.79288097386477741     
   2.8965484266097894      -0.80196918705263109     
   2.8996900192633794      -0.81116600420498131     
   2.9028316119169690      -0.82047420460698672     
   2.9059732045705586      -0.82989668023407948     
   2.9091147972241487      -0.83943644183668020     
   2.9122563898777383      -0.84909662543965037     
   2.9153979825313283      -0.85888049929085419     
   2.9185395751849179      -0.86879147129652190     
   2.9216811678385080      -0.87883309698493317     
   2.9248227604920976      -0.88900908804402579     
   2.9279643531456871      -0.89932332148330185     
   2.9311059457992772      -0.90977984947553081     
   2.9342475384528668      -0.92038290993967131     
   2.9373891311064568      -0.93113693793297236     
   2.9405307237600464      -0.94204657792756696     
   2.9436723164136365      -0.95311669705525137     
   2.9468139090672261      -0.96435239941342443     
   2.9499555017208161      -0.97575904153585691     
   2.9530970943744057      -0.98734224914385427     
   2.9562386870279953      -0.99910793530708819     
   2.9593802796815853       -1.0110623201587476     
   2.9625218723351749       -1.0232119523273524     
   2.9656634649887650       -1.0355637322676823     
   2.9688050576423546       -1.0481249376962469     
   2.9719466502959446       -1.0609032513632233     
   2.9750882429495342       -1.0739067914230194     
   2.9782298356031243       -1.0871441447007417     
   2.9813714282567139       -1.1006244031921182     
   2.9845130209103035       -1.1143572041813967     
   2.9876546135638935       -1.1283527744160109     
   2.9907962062174831       -1.1426219788402485     
   2.9939377988710731       -1.1571763744642178     
   2.9970793915246627       -1.1720282700311215     
   3.0002209841782528       -1.1871907922480327     
   3.0033625768318424       -1.2026779594656627     
   3.0065041694854320       -1.2185047638353215     
   3.0096457621390220       -1.2346872631405810     
   3.0127873547926116       -1.2512426837033492     
   3.0159289474462017       -1.2681895360061228     
   3.0190705400997913       -1.2855477449631976     
   3.0222121327533813       -1.3033387971254160     
   3.0253537254069709       -1.3215859075295400     
   3.0284953180605609       -1.3403142094237985     
   3.0316369107141505       -1.3595509707385793     
   3.0347785033677401       -1.3793258419569410     
   3.0379200960213302       -1.3996711410127465     
   3.0410616886749198       -1.4206221820573131     
   3.0442032813285098       -1.4422176564567846     
   3.0473448739820994       -1.4645000763030032     
   3.0504864666356895       -1.4875162931627526     
   3.0536280592892791       -1.5113181079180888     
   3.0567696519428691       -1.5359629915894990     
   3.0599112445964587       -1.5615149422927610     
   3.0630528372500483       -1.5880455103916336     
   3.0661944299036383       -1.6156350330786298     
   3.0693360225572279       -1.6443741319121652     
   3.0724776152108180       -1.6743655435119360     
   3.0756192078644076       -1.7057263765007806     
   3.0787608005179976       -1.7385909196132028     
   3.0819023931715872       -1.7731141708034812     
   3.0850439858251772       -1.8094763215575331     
   3.0881855784787668       -1.8478885244705978     
   3.0913271711323564       -1.8886004116221242     
   3.0944687637859465       -1.9319100429158182     
   3.0976103564395361       -1.9781772922907670     
   3.1007519490931261       -2.0278422038916917     
   3.1038935417467157       -2.0814507112024989     
   3.1070351344003058       -2.1396915745664380     
   3.1101767270538954       -2.2034509748498445     
   3.1133183197074850       -2.2738959711866693     
   3.1164599123610750       -2.3526073237296998     
   3.1196015050146646       -2.4418014790151239     
   3.1227430976682546       -2.5447248413969197     
   3.1258846903218442       -2.6664107845772573     
   3.1290262829754343       -2.8152921794941204     
   3.1321678756290239       -3.0071785621856586     
   3.1353094682826139       -3.2775643544223882     
   3.1384510609362035       -3.7397128300043625     
