0 -1.2330271
0.01557038 -1.2328031
0.031128783 -1.2321264
0.046660227 -1.2309983
0.062152273 -1.2294203
0.077593818 -1.2274078
0.092970676 -1.2249461
0.10826965 -1.2220396
0.12347637 -1.2186836
0.1385755 -1.2148817
0.15356262 -1.2106441
0.16841868 -1.2059776
0.18313159 -1.2008766
0.19768576 -1.1953373
0.21206734 -1.1893645
0.22626679 -1.1829702
0.2402722 -1.1761621
0.25406562 -1.1689342
0.26763117 -1.1612883
0.28095662 -1.15323
0.29403229 -1.144776
0.30684592 -1.1359263
0.31937664 -1.1266792
0.3316097 -1.1170439
0.34353033 -1.1070259
0.35512447 -1.0966273
0.36638844 -1.0858753
0.37731162 -1.0747779
0.38787539 -1.0633347
0.3980589 -1.0515545
0.40784658 -1.0394443
0.41720878 -1.0270007
0.4261564 -1.0142573
0.43469607 -1.0012359
0.44280604 -0.98794683
0.45052818 -0.97441091
0.45784001 -0.96066348
0.46469902 -0.94668242
0.47108351 -0.93247844
0.47698104 -0.91806445
0.48238884 -0.90346454
0.48732302 -0.88869346
0.49176891 -0.87376901
0.49570511 -0.85870367
0.49912788 -0.84350986
0.502025 -0.82821453
0.50441023 -0.81282557
0.50626945 -0.79736531
0.50759635 -0.78185027
0.50839624 -0.76630024
0.50870707 -0.75072629
0.50851288 -0.73515474
0.50778617 -0.71959947
0.50653336 -0.7040769
0.5047554 -0.68860703
0.50241824 -0.67321237
0.49957593 -0.65790247
0.49622928 -0.642695
0.49235954 -0.62761086
0.48799278 -0.6126651
0.48312913 -0.59786611
0.47778068 -0.58324274
0.47195838 -0.56879881
0.46566471 -0.55455471
0.45889904 -0.54052982
0.45164268 -0.5267552
0.44391438 -0.51323448
0.43575325 -0.49997346
0.42716763 -0.48698056
0.41817326 -0.47426994
0.40873033 -0.4618888
0.39882519 -0.44987163
0.3885356 -0.43818403
0.37788006 -0.42682937
0.36687157 -0.41581579
0.35554812 -0.40512347
0.34390554 -0.39478295
0.33194263 -0.38481239
0.31967395 -0.37522463
0.30711252 -0.36602495
0.29426826 -0.35720518
0.28116721 -0.34878703
0.26781464 -0.34077477
0.25422452 -0.33317207
0.24040406 -0.32598086
0.22639412 -0.31921916
0.2121757 -0.31286993
0.19777377 -0.30694601
0.18320277 -0.30145192
0.16847654 -0.29639023
0.15360605 -0.29175453
0.13860977 -0.28755397
0.12349821 -0.28379454
0.10828498 -0.28047721
0.092978461 -0.27760284
0.07759942 -0.27516766
0.062157849 -0.27316664
0.046663321 -0.27160702
0.031129913 -0.27049271
0.015573485 -0.26982446
0 -0.26960183

0 0.12859373
0.040231842 0.12837113
0.080456632 0.12770196
0.12067494 0.12659103
0.16087599 0.12505182
0.20106457 0.12315614
0.24123467 0.12094979
0.28138715 0.11840948
0.32151579 0.11553386
0.36162224 0.11236277
0.40170937 0.1089415
0.44177708 0.10531301
0.48182893 0.1015107
0.52186824 0.097576945
0.56189888 0.093551936
0.60192224 0.089466186
0.64194256 0.085346812
0.68196135 0.081222558
0.72198609 0.077142818
0.76202049 0.073135364
0.80205746 0.06920529
0.84210477 0.065350432
0.88216118 0.061591852
0.92222922 0.057974899
0.96231161 0.05451065
1.0024062 0.05118688
1.0425105 0.047986475
1.0826248 0.044920271
1.1227537 0.042017817
1.1628906 0.039279345
1.2030399 0.036688194
1.2431966 0.034224504
1.2833611 0.031891371
1.3235329 0.02970381
1.3637128 0.027656493
1.403901 0.025736205
1.4440931 0.023926825
1.4842885 0.022227505
1.524489 0.020642201
1.5646949 0.019164693
1.6049013 0.017786721
1.6451126 0.016497124
1.6853269 0.015292912
1.7255425 0.01417236
1.7657615 0.01313001
1.8059821 0.01216141
1.8462036 0.011260286
1.8864267 0.010422637
1.9266517 0.0096440359
1.9668767 0.0089203891
2.0071018 0.0082494937
2.0473297 0.0076276414
2.0875576 0.0070513369
2.1277859 0.0065158524
2.1680149 0.006018178
2.2082445 0.005557669
2.2484752 0.005132701
2.2887056 0.0047402247
2.328935 0.0043755461
2.3691661 0.0040365247
2.4093977 0.0037233685
2.4496286 0.0034353938
2.4898598 0.0031701258
2.5300898 0.0029236221
2.570323 0.0026943913
2.6105533 0.0024830216
2.6507844 0.0022894036
2.6910155 0.0021116842
2.7312482 0.0019465455
2.771478 0.0017930135
2.811712 0.0016518322
2.8519432 0.0015232448
2.8921747 0.00140574
2.9324061 0.0012966813
2.972639 0.0011954099
3.0128708 0.0011027241
3.0531034 0.0010190168
3.093335 0.00094318125
3.1335665 0.00087308044
3.1737994 0.0008082907
3.2140312 0.00074960667
3.2542627 0.00069753229
3.2944954 0.00065122402
3.3347256 0.00060895303
3.3749581 0.00057046155
3.4151914 0.00053657553
3.4554236 0.00050784452
3.4956547 0.00048364245
3.5358869 0.00046252035
3.576119 0.00044435689
3.6163517 0.0004300857
3.656584 0.00042041793
3.6968154 0.00041488496
3.7370477 0.00041208421
3.777279 0.00041200772
3.8175122 0.00041581737
3.8577449 0.00042443374
3.8979764 0.00043752581
3.9382083 0.00045357607
3.9784426 0.00047269688
4.018672 0.00049653634
4.058904 0.00052639914
4.0991356 0.00056200525
4.1393672 0.00060145153
4.1795992 0.00064500335
4.2198326 0.00069514119
4.2600648 0.00075383391
4.3002964 0.00082090565
4.3405291 0.00089359264
4.3807596 0.0009723735
4.4209926 0.0010612967
4.4612247 0.0011634011
4.5014568 0.0012785908
4.5416884 0.001402497
4.5819202 0.0015359504
4.6221541 0.0016858112
4.6623854 0.0018568557
4.7026178 0.0020490936
4.7428495 0.0022552665
4.7830803 0.0024767575
4.8233103 0.0027255001
4.863542 0.0030090002
4.9037717 0.0033190256
4.9440034 0.0036515459
4.9842338 0.0040087166
5.0243929 0.0019019625

