0 -1.083297
0.015557631 -1.0830725
0.031103838 -1.0823952
0.046621925 -1.081266
0.062102501 -1.0796868
0.077532477 -1.0776892
0.092900781 -1.0752552
0.10819121 -1.0723711
0.12338867 -1.0690354
0.13848148 -1.0652524
0.15346104 -1.0610359
0.16831037 -1.0563913
0.18301699 -1.0513089
0.19756462 -1.0457881
0.21194129 -1.0398333
0.22613107 -1.0334561
0.24012861 -1.0266573
0.25391156 -1.0194367
0.26746628 -1.0117984
0.28078067 -1.0037475
0.29384677 -0.99529486
0.30665331 -0.98645801
0.3191843 -0.97723428
0.33142219 -0.96762631
0.34335907 -0.9576437
0.35497541 -0.9472917
0.36624719 -0.93656678
0.37716626 -0.92548272
0.38772922 -0.91405617
0.39791961 -0.9023011
0.40773882 -0.89022631
0.41714766 -0.87783394
0.4261369 -0.8651334
0.43470987 -0.85214778
0.4428518 -0.83888902
0.450595 -0.82539133
0.45791975 -0.81166401
0.46478266 -0.79769918
0.47117448 -0.783513
0.47709196 -0.76912164
0.4825457 -0.75454877
0.48757433 -0.73982399
0.49212754 -0.72494573
0.49617824 -0.7099229
0.49972131 -0.69477341
0.50271991 -0.67950279
0.50518146 -0.66413882
0.50712558 -0.64870171
0.50854317 -0.63320721
0.50944676 -0.61767181
0.50984362 -0.60211827
0.50968514 -0.58656023
0.50897132 -0.57101607
0.50771557 -0.55550817
0.50591217 -0.54005415
0.50358953 -0.52466747
0.50074817 -0.50937003
0.49736595 -0.4941818
0.49346802 -0.47911791
0.4890676 -0.46419299
0.48420362 -0.44941549
0.4788629 -0.43480216
0.47301729 -0.42038157
0.46666804 -0.40617583
0.45984164 -0.39219724
0.45258512 -0.37842692
0.44488542 -0.36490606
0.43671663 -0.35166444
0.42809913 -0.33870796
0.41905027 -0.32605164
0.40956798 -0.31371074
0.3996729 -0.3017018
0.38938465 -0.29003177
0.37871304 -0.27870656
0.36767948 -0.2677394
0.35629387 -0.25712975
0.34458749 -0.24688016
0.33256274 -0.23700399
0.32022853 -0.22751942
0.30760084 -0.21843243
0.29468991 -0.20973748
0.28152893 -0.20143942
0.26811777 -0.19354679
0.25447355 -0.18607056
0.24060656 -0.17901103
0.22653746 -0.17236804
0.21227592 -0.16614129
0.19783943 -0.16034003
0.18323736 -0.15496403
0.16848529 -0.15001621
0.15359948 -0.14549946
0.13858645 -0.14140979
0.12346385 -0.13775011
0.10824068 -0.134521
0.092936739 -0.13172549
0.077552377 -0.12935558
0.062114148 -0.12741286
0.046627126 -0.12590043
0.031105572 -0.12482004
0.015559017 -0.12417203
0 -0.12395631

0 0.14302443
0.040249738 0.14272827
0.080488363 0.14183667
0.12071284 0.14035805
0.16091041 0.13831501
0.20108296 0.13582946
0.24123193 0.13298799
0.28135202 0.12974325
0.32143629 0.12608597
0.36148549 0.1220809
0.40150769 0.11779231
0.44150514 0.11327972
0.48148072 0.10859266
0.52144609 0.10380773
0.56140572 0.098982627
0.60136557 0.094139788
0.64132184 0.089294345
0.68128496 0.084486854
0.72126123 0.079807538
0.76125931 0.07528635
0.80126686 0.070904105
0.84129001 0.066627288
0.88132783 0.062486485
0.92138481 0.058557743
0.96146356 0.054846695
1.00156 0.051320461
1.0416683 0.047936436
1.081788 0.044710974
1.1219259 0.041688429
1.1620769 0.038863173
1.2022404 0.036209317
1.2424123 0.03369459
1.2825932 0.031323233
1.3227818 0.029113237
1.3629804 0.027055824
1.4031835 0.025135995
1.4433949 0.023332696
1.48361 0.021644325
1.5238292 0.020073853
1.5640516 0.018613516
1.6042825 0.017255988
1.6445133 0.015990484
1.6847464 0.014812215
1.7249817 0.013716452
1.7652189 0.012697292
1.8054583 0.011752328
1.8456997 0.010876256
1.8859413 0.010063884
1.9261856 0.0093080562
1.9664294 0.0086045609
2.0066746 0.0079534841
2.0469204 0.0073522776
2.0871676 0.0067963058
2.1274143 0.0062786455
2.1676612 0.0057963425
2.2079104 0.005350798
2.2481582 0.0049413313
2.2884061 0.0045638351
2.3286562 0.004212058
2.3689068 0.0038840185
2.4091517 0.0035813536
2.4494027 0.0033042918
2.4896521 0.003049822
2.5299011 0.0028125971
2.5701525 0.0025912455
2.6104 0.0023875216
2.6506492 0.0022019587
2.6908999 0.0020322025
2.7311498 0.0018739768
2.7714019 0.0017263688
2.8116483 0.001591039
2.8519001 0.0014687007
2.8921497 0.0013575133
2.9323993 0.0012540648
2.9726497 0.001157766
3.0128993 0.0010700618
3.0531497 0.00099177829
3.0934002 0.00092150738
3.1336505 0.00085652851
3.1739009 0.00079646848
3.214153 0.00074268442
3.2544023 0.00069605938
3.294653 0.00065550496
3.3349037 0.00061872912
3.3751548 0.00058551541
3.4154036 0.00055716808
3.4556537 0.00053464523
3.4959042 0.00051711322
3.5361545 0.00050254344
3.5764042 0.00049084064
3.6166552 0.00048334024
3.6569056 0.00048105754
3.6971567 0.00048335429
3.737407 0.0004883579
3.7776557 0.00049607697
3.8179085 0.00050808577
3.8581598 0.00052562348
3.8984094 0.00054814158
3.9386604 0.00057362715
3.9789101 0.00060219379
4.0191611 0.00063587096
4.0594113 0.00067634577
4.0996623 0.00072315667
4.1399117 0.00077375632
4.180162 0.00082839143
4.2204156 0.00088995249
4.2606659 0.00096068851
4.3009167 0.0010401092
4.3411677 0.0011248638
4.3814181 0.0012153687
4.4216669 0.0013158499
4.4619168 0.0014295169
4.502167 0.0015559443
4.5424171 0.0016902558
4.5826669 0.001833123
4.6229187 0.0019912534
4.6631677 0.0021693317
4.7034178 0.002366793
4.743667 0.002576165
4.7839166 0.0027985116
4.8241671 0.0030441431
4.8644161 0.0033199265
4.9046667 0.0036150518
4.9449146 0.0039282765
4.9851648 0.0042611835
5.0253322 0.0019649007

