   3.1415926535897933E-003  0.10228623579047080        1.2494548746334836E-003
   6.2831853071795866E-003  0.10229212366592910        2.4988741630123960E-003
   9.4247779607693795E-003  0.10230193660536502        3.7482222793576089E-003
   1.2566370614359173E-002  0.10231567432928723        4.9974636389262979E-003
   1.5707963267948967E-002  0.10233333644641607        6.2465626584749800E-003
   1.8849555921538759E-002  0.10235492245368483        7.4954837567820301E-003
   2.1991148575128554E-002  0.10238043173625022        8.7441913551432465E-003
   2.5132741228718346E-002  0.10240986356749948        9.9926498778845994E-003
   2.8274333882308138E-002  0.10244321710906013        1.1240823752855214E-002
   3.1415926535897934E-002  0.10248049141081461        1.2488677411941438E-002
   3.4557519189487726E-002  0.10252168541090900        1.3736175291566111E-002
   3.7699111843077518E-002  0.10256679793577450        1.4983281833191326E-002
   4.0840704496667310E-002  0.10261582770013744        1.6229961483823760E-002
   4.3982297150257109E-002  0.10266877330704172        1.7476178696519483E-002
   4.7123889803846901E-002  0.10272563324786721        1.8721897930885335E-002
   5.0265482457436693E-002  0.10278640590235122        1.9967083653584905E-002
   5.3407075111026485E-002  0.10285108953861177        2.1211700338836785E-002
   5.6548667764616277E-002  0.10291968231317161        2.2455712468925082E-002
   5.9690260418206076E-002  0.10299218227098461        2.3699084534694648E-002
   6.2831853071795868E-002  0.10306858734546409        2.4941781036060404E-002
   6.5973445725385660E-002  0.10314889535851013        2.6183766482505467E-002
   6.9115038378975452E-002  0.10323310402054309        2.7425005393586728E-002
   7.2256631032565244E-002  0.10332121093053404        2.8665462299434757E-002
   7.5398223686155036E-002  0.10341321357603961        2.9905101741257996E-002
   7.8539816339744828E-002  0.10350910933323731        3.1143888271842807E-002
   8.1681408993334620E-002  0.10360889546696317        3.2381786456056563E-002
   8.4823001646924426E-002  0.10371256913074944        3.3618760871348630E-002
   8.7964594300514218E-002  0.10382012736686586        3.4854776108251412E-002
   9.1106186954104010E-002  0.10393156710636164        3.6089796770882518E-002
   9.4247779607693802E-002  0.10404688516910776        3.7323787477443124E-002
   9.7389372261283594E-002  0.10416607826384350        3.8556712860721216E-002
  0.10053096491487339       0.10428914298822223        3.9788537568590167E-002
  0.10367255756846318       0.10441607582885915        4.1019226264509559E-002
  0.10681415022205297       0.10454687316138234        4.2248743628023777E-002
  0.10995574287564276       0.10468153125048241        4.3477054355263126E-002
  0.11309733552923255       0.10482004624996732        4.4704123159441389E-002
  0.11623892818282235       0.10496241420281516        4.5929914771355218E-002
  0.11938052083641215       0.10510863104123036        4.7154393939882452E-002
  0.12252211349000194       0.10525869258670340        4.8377525432481257E-002
  0.12566370614359174       0.10541259455006657        4.9599274035685911E-002
  0.12880529879718153       0.10557033253155712        5.0819604555606482E-002
  0.13194689145077132       0.10573190202087901        5.2038481818424284E-002
  0.13508848410436111       0.10589729839726603        5.3255870670889473E-002
  0.13823007675795090       0.10606651692954872        5.4471735980816838E-002
  0.14137166941154070       0.10623955277621877        5.5686042637582513E-002
  0.14451326206513049       0.10641640098550098        5.6898755552618960E-002
  0.14765485471872028       0.10659705649541962        5.8109839659910401E-002
  0.15079644737231007       0.10678151413387327        5.9319259916487434E-002
  0.15393804002589986       0.10696976861870611        6.0526981302921889E-002
  0.15707963267948966       0.10716181455778306        6.1732968823819914E-002
  0.16022122533307945       0.10735764644906648        6.2937187508316228E-002
  0.16336281798666924       0.10755725868069343        6.4139602410566265E-002
  0.16650441064025903       0.10776064553105519        6.5340178610239899E-002
  0.16964600329384885       0.10796780116887872        6.6538881213012907E-002
  0.17278759594743864       0.10817871965330850        6.7735675351058636E-002
  0.17592918860102844       0.10839339493399064        6.8930526183538815E-002
  0.17907078125461823       0.10861182085115884        7.0123398897095027E-002
  0.18221237390820802       0.10883399113572084        7.1314258706338132E-002
  0.18535396656179781       0.10905989940934796        7.2503070854338769E-002
  0.18849555921538760       0.10928953918456430        7.3689800613114906E-002
  0.19163715186897740       0.10952290386483932        7.4874413284122365E-002
  0.19477874452256719       0.10975998674467968        7.6056874198741603E-002
  0.19792033717615698       0.11000078100972654        7.7237148718765164E-002
  0.20106192982974677       0.11024527973684906        7.8415202236885556E-002
  0.20420352248333656       0.11049347589424408        7.9591000177180737E-002
  0.20734511513692636       0.11074536234153493        8.0764507995600171E-002
  0.21048670779051615       0.11100093182987192        8.1935691180450299E-002
  0.21362830044410594       0.11126017700203555        8.3104515252878888E-002
  0.21676989309769573       0.11152309039253988        8.4270945767359107E-002
  0.21991148575128552       0.11178966442773797        8.5434948312172687E-002
  0.22305307840487532       0.11205989142592937        8.6596488509893335E-002
  0.22619467105846511       0.11233376359746827        8.7755532017867857E-002
  0.22933626371205490       0.11261127304487267        8.8912044528698844E-002
  0.23247785636564469       0.11289241176293785        9.0065991770724510E-002
  0.23561944901923451       0.11317717163884727        9.1217339508499487E-002
  0.23876104167282430       0.11346554445228896        9.2366053543273902E-002
  0.24190263432641410       0.11375752187557003        9.3512099713472879E-002
  0.24504422698000389       0.11405309547373516        9.4655443895173885E-002
  0.24818581963359368       0.11435225670468518        9.5796052002584425E-002
  0.25132741228718347       0.11465499691929776        9.6933889988519373E-002
  0.25446900494077324       0.11496130736154969        9.8068923844876046E-002
  0.25761059759436306       0.11527117916863999        9.9201119603110510E-002
  0.26075219024795282       0.11558460337111504       0.10033044333471093     
  0.26389378290154264       0.11590157089299535       0.10145686115167296     
  0.26703537555513240       0.11622207255190325       0.10258033920697118     
  0.27017696820872222       0.11654609905919228       0.10370084369503259     
  0.27331856086231204       0.11687364102007886       0.10481834085220755     
  0.27646015351590181       0.11720468893377395       0.10593279695724081     
  0.27960174616949163       0.11753923319361720       0.10704417833174149     
  0.28274333882308139       0.11787726408721266       0.10815245134065167     
  0.28588493147667121       0.11821877179656520       0.10925758239271566     
  0.28902652413026098       0.11856374639821915       0.11035953794094708     
  0.29216811678385080       0.11891217786339803       0.11145828448309517     
  0.29530970943744056       0.11926405605814583       0.11255378856211147     
  0.29845130209103038       0.11961937074346951       0.11364601676661423     
  0.30159289474462014       0.11997811157548383       0.11473493573135285     
  0.30473448739820996       0.12034026810555637       0.11582051213767108     
  0.30787608005179973       0.12070582978045469       0.11690271271396957     
  0.31101767270538955       0.12107478594249527       0.11798150423616734     
  0.31415926535897931       0.12144712582969358       0.11905685352816227     
  0.31730085801256913       0.12182283857591450       0.12012872746229111     
  0.32044245066615890       0.12220191321102680       0.12119709295978820     
  0.32358404331974872       0.12258433866105603       0.12226191699124347     
  0.32672563597333848       0.12297010374834133       0.12332316657705922     
  0.32986722862692830       0.12335919719169197       0.12438080878790650     
  0.33300882128051806       0.12375160760654622       0.12543481074517970     
  0.33615041393410788       0.12414732350513166       0.12648513962145108     
  0.33929200658769770       0.12454633329662629       0.12753176264092417     
  0.34243359924128747       0.12494862528732170       0.12857464707988497     
  0.34557519189487729       0.12535418768078715       0.12961376026715443     
  0.34871678454846705       0.12576300857803546       0.13064906958453770     
  0.35185837720205687       0.12617507597769048       0.13168054246727359     
  0.35499996985564664       0.12659037777615506       0.13270814640448297     
  0.35814156250923646       0.12700890176778157       0.13373184893961582     
  0.36128315516282622       0.12743063564504270       0.13475161767089688     
  0.36442474781641604       0.12785556699870504       0.13576742025177166     
  0.36756634047000580       0.12828368331800241       0.13677922439134937     
  0.37070793312359562       0.12871497199081211       0.13778699785484697     
  0.37384952577718539       0.12914942030383131       0.13879070846402999     
  0.37699111843077521       0.12958701544275592       0.13979032409765427     
  0.38013271108436497       0.13002774449246002       0.14078581269190482     
  0.38327430373795479       0.13047159443717699       0.14177714224083521     
  0.38641589639154456       0.13091855216068193       0.14276428079680439     
  0.38955748904513438       0.13136860444647597       0.14374719647091350     
  0.39269908169872414       0.13182173797797064       0.14472585743344102     
  0.39584067435231396       0.13227793933867549       0.14570023191427661     
  0.39898226700590372       0.13273719501238512       0.14667028820335423     
  0.40212385965949354       0.13319949138336923       0.14763599465108426     
  0.40526545231308336       0.13366481473656278       0.14859731966878356     
  0.40840704496667313       0.13413315125775810       0.14955423172910509     
  0.41154863762026295       0.13460448703379857       0.15050669936646638     
  0.41469023027385271       0.13507880805277298       0.15145469117747626     
  0.41783182292744253       0.13555610020421169       0.15239817582136095     
  0.42097341558103230       0.13603634927928421       0.15333712202038863     
  0.42411500823462212       0.13651954097099736       0.15427149856029260     
  0.42725660088821188       0.13700566087439614       0.15520127429069391     
  0.43039819354180170       0.13749469448676421       0.15612641812552169     
  0.43353978619539146       0.13798662720782742       0.15704689904343344     
  0.43668137884898128       0.13848144433995735       0.15796268608823263     
  0.43982297150257105       0.13897913108837628       0.15887374836928655     
  0.44296456415616087       0.13947967256136498       0.15978005506194193     
  0.44610615680975063       0.13998305377046899       0.16068157540793904     
  0.44924774946334045       0.14048925963070971       0.16157827871582553     
  0.45238934211693022       0.14099827496079309       0.16247013436136787     
  0.45553093477052004       0.14151008448332325       0.16335711178796214     
  0.45867252742410980       0.14202467282501377       0.16423918050704334     
  0.46181412007769962       0.14254202451690359       0.16511631009849295     
  0.46495571273128938       0.14306212399457174       0.16598847021104596     
  0.46809730538487920       0.14358495559835494       0.16685563056269551     
  0.47123889803846902       0.14411050357356542       0.16771776094109708     
  0.47438049069205879       0.14463875207071014       0.16857483120397088     
  0.47752208334564861       0.14516968514571224       0.16942681127950265     
  0.48066367599923837       0.14570328676013258       0.17027367116674325     
  0.48380526865282819       0.14623954078139317       0.17111538093600723     
  0.48694686130641796       0.14677843098300150       0.17195191072926921     
  0.49008845396000777       0.14731994104477636       0.17278323076055951     
  0.49323004661359754       0.14786405455307483       0.17360931131635773     
  0.49637163926718736       0.14841075500102074       0.17443012275598535     
  0.49951323192077712       0.14896002578873371       0.17524563551199673     
  0.50265482457436694       0.14951185022356006       0.17605582009056875     
  0.50579641722795676       0.15006621152030494       0.17686064707188809     
  0.50893800988154647       0.15062309280146466       0.17766008711053893     
  0.51207960253513629       0.15118247709746213       0.17845411093588673     
  0.51522119518872611       0.15174434734688144       0.17924268935246257     
  0.51836278784231593       0.15230868639670520       0.18002579324034479     
  0.52150438049590564       0.15287547700255205       0.18080339355553923     
  0.52464597314949546       0.15344470182891612       0.18157546133035840     
  0.52778756580308528       0.15401634344940729       0.18234196767379884     
  0.53092915845667510       0.15459038434699252       0.18310288377191641     
  0.53407075111026481       0.15516680691423845       0.18385818088820105     
  0.53721234376385463       0.15574559345355588       0.18460783036394868     
  0.54035393641744445       0.15632672617744403       0.18535180361863293     
  0.54349552907103427       0.15691018720873698       0.18609007215027387     
  0.54663712172462409       0.15749595858085122       0.18682260753580607     
  0.54977871437821380       0.15808402223803400       0.18754938143144484     
  0.55292030703180362       0.15867436003561289       0.18827036557305013     
  0.55606189968539343       0.15926695374024652       0.18898553177649005     
  0.55920349233898325       0.15986178503017692       0.18969485193800165     
  0.56234508499257296       0.16045883549548173       0.19039829803455044     
  0.56548667764616278       0.16105808663832949       0.19109584212418818     
  0.56862827029975260       0.16165951987323407       0.19178745634640915     
  0.57176986295334242       0.16226311652731126       0.19247311292250419     
  0.57491145560693213       0.16286885784053673       0.19315278415591386     
  0.57805304826052195       0.16347672496600402       0.19382644243257907     
  0.58119464091411177       0.16408669897018494       0.19449406022129037     
  0.58433623356770159       0.16469876083318960       0.19515561007403553     
  0.58747782622129130       0.16531289144902922       0.19581106462634504     
  0.59061941887488112       0.16592907162587830       0.19646039659763648     
  0.59376101152847094       0.16654728208633934       0.19710357879155599     
  0.59690260418206076       0.16716750346770776       0.19774058409631934     
  0.60004419683565047       0.16778971632223780       0.19837138548505007     
  0.60318578948924029       0.16841390111741036       0.19899595601611642     
  0.60632738214283011       0.16904003823620098       0.19961426883346634     
  0.60946897479641993       0.16966810797734910       0.20022629716696039     
  0.61261056745000975       0.17029809055562900       0.20083201433270287     
  0.61575216010359946       0.17092996610212044       0.20143139373337199     
  0.61889375275718927       0.17156371466448239       0.20202440885854622     
  0.62203534541077909       0.17219931620722503       0.20261103328503097     
  0.62517693806436891       0.17283675061198570       0.20319124067718164     
  0.62831853071795862       0.17347599767780317       0.20376500478722598     
  0.63146012337154844       0.17411703712139553       0.20433229945558365     
  0.63460171602513826       0.17475984857743659       0.20489309861118454     
  0.63774330867872808       0.17540441159883519       0.20544737627178447     
  0.64088490133231779       0.17605070565701419       0.20599510654427980     
  0.64402649398590761       0.17669871014219160       0.20653626362501926     
  0.64716808663949743       0.17734840436366167       0.20707082180011416     
  0.65030967929308725       0.17799976755007754       0.20759875544574671     
  0.65345127194667696       0.17865277884973435       0.20812003902847626     
  0.65659286460026678       0.17930741733085453       0.20863464710554350     
  0.65973445725385660       0.17996366198187191       0.20914255432517262     
  0.66287604990744642       0.18062149171171904       0.20964373542687148     
  0.66601764256103613       0.18128088535011400       0.21013816524172979     
  0.66915923521462595       0.18194182164784867       0.21062581869271524     
  0.67230082786821577       0.18260427927707773       0.21110667079496728     
  0.67544242052180559       0.18326823683160898       0.21158069665608936     
  0.67858401317539541       0.18393367282719381       0.21204787147643867     
  0.68172560582898512       0.18460056570181935       0.21250817054941384     
  0.68486719848257493       0.18526889381600142       0.21296156926174042     
  0.68800879113616475       0.18593863545307765       0.21340804309375505     
  0.69115038378975457       0.18660976881950242       0.21384756761968604     
  0.69429197644334428       0.18728227204514220       0.21428011850793283     
  0.69743356909693410       0.18795612318357144       0.21470567152134371     
  0.70057516175052392       0.18863130021237065       0.21512420251748954     
  0.70371675440411374       0.18930778103342313       0.21553568744893772     
  0.70685834705770345       0.18998554347321495       0.21594010236352174     
  0.70999993971129327       0.19066456528313408       0.21633742340460999     
  0.71314153236488309       0.19134482413977125       0.21672762681137164     
  0.71628312501847291       0.19202629764522094       0.21711068891904067     
  0.71942471767206262       0.19270896332738385       0.21748658615917726     
  0.72256631032565244       0.19339279864027012       0.21785529505992735     
  0.72570790297924226       0.19407778096430267       0.21821679224627957     
  0.72884949563283208       0.19476388760662222       0.21857105444032002     
  0.73199108828642179       0.19545109580139255       0.21891805846148482     
  0.73513268094001161       0.19613938271010703       0.21925778122681028     
  0.73827427359360143       0.19682872542189500       0.21959019975118080     
  0.74141586624719125       0.19751910095383035       0.21991529114757419     
  0.74455745890078107       0.19821048625123938       0.22023303262730504     
  0.74769905155437077       0.19890285818801057       0.22054340150026544     
  0.75084064420796059       0.19959619356690447       0.22084637517516340     
  0.75398223686155041       0.20029046911986448       0.22114193115975889     
  0.75712382951514023       0.20098566150832842       0.22143004706109753     
  0.76026542216872994       0.20168174732354077       0.22171070058574160     
  0.76340701482231976       0.20237870308686590       0.22198386953999918     
  0.76654860747590958       0.20307650525010157       0.22224953183015006     
  0.76969020012949940       0.20377513019579335       0.22250766546266992     
  0.77283179278308911       0.20447455423754968       0.22275824854445173     
  0.77597338543667893       0.20517475362035809       0.22300125928302456     
  0.77911497809026875       0.20587570452090118       0.22323667598676988     
  0.78225657074385857       0.20657738304787401       0.22346447706513600     
  0.78539816339744828       0.20727976524230207       0.22368464102884866     
  0.78853975605103810       0.20798282707785967       0.22389714649012074     
  0.79168134870462792       0.20868654446118895       0.22410197216285771     
  0.79482294135821774       0.20939089323221993       0.22429909686286212     
  0.79796453401180745       0.21009584916449087       0.22448849950803396     
  0.80110612666539727       0.21080138796546910       0.22467015911857008     
  0.80424771931898709       0.21150748527687316       0.22484405481715930     
  0.80738931197257691       0.21221411667499468       0.22501016582917613     
  0.81053090462616673       0.21292125767102138       0.22516847148287145     
  0.81367249727975643       0.21362888371136074       0.22531895120956019     
  0.81681408993334625       0.21433697017796388       0.22546158454380719     
  0.81995568258693607       0.21504549238865023       0.22559635112360912     
  0.82309727524052589       0.21575442559743291       0.22572323069057523     
  0.82623886789411560       0.21646374499484433       0.22584220309010372     
  0.82938046054770542       0.21717342570826267       0.22595324827155716     
  0.83252205320129524       0.21788344280223881       0.22605634628843307     
  0.83566364585488506       0.21859377127882329       0.22615147729853424     
  0.83880523850847477       0.21930438607789496       0.22623862156413388     
  0.84194683116206459       0.22001526207748895       0.22631775945213933     
  0.84508842381565441       0.22072637409412577       0.22638887143425301     
  0.84823001646924423       0.22143769688314086       0.22645193808712960     
  0.85137160912283394       0.22214920513901443       0.22650694009253139     
  0.85451320177642376       0.22286087349570191       0.22655385823748020     
  0.85765479443001358       0.22357267652696500       0.22659267341440675     
  0.86079638708360340       0.22428458874670301       0.22662336662129645     
  0.86393797973719311       0.22499658460928451       0.22664591896183331     
  0.86707957239078293       0.22570863850987985       0.22666031164554049     
  0.87022116504437275       0.22642072478479380       0.22666652598791726     
  0.87336275769796257       0.22713281771179863       0.22666454341057413     
  0.87650435035155239       0.22784489151046775       0.22665434544136412     
  0.87964594300514209       0.22855692034250963       0.22663591371451158     
  0.88278753565873191       0.22926887831210233       0.22660922997073762     
  0.88592912831232173       0.22998073946622799       0.22657427605738278     
  0.88907072096591155       0.23069247779500829       0.22653103392852669     
  0.89221231361950126       0.23140406723203943       0.22647948564510437     
  0.89535390627309108       0.23211548165472898       0.22641961337501942     
  0.89849549892668090       0.23282669488463087       0.22635139939325510     
  0.90163709158027072       0.23353768068778302       0.22627482608198052     
  0.90477868423386043       0.23424841277504366       0.22618987593065543     
  0.90792027688745025       0.23495886480242861       0.22609653153613088     
  0.91106186954104007       0.23566901037144913       0.22599477560274683     
  0.91420346219462989       0.23637882302944921       0.22588459094242710     
  0.91734505484821960       0.23708827626994433       0.22576596047477021     
  0.92048664750180942       0.23779734353295931       0.22563886722713802     
  0.92362824015539924       0.23850599820536753       0.22550329433474015     
  0.92676983280898906       0.23921421362122922       0.22535922504071593     
  0.92991142546257877       0.23992196306213134       0.22520664269621263     
  0.93305301811616859       0.24062921975752646       0.22504553076046055     
  0.93619461076975841       0.24133595688507281       0.22487587280084465     
  0.93933620342334823       0.24204214757097406       0.22469765249297294     
  0.94247779607693805       0.24274776489031910       0.22451085362074175     
  0.94561938873052775       0.24345278186742283       0.22431546007639702     
  0.94876098138411757       0.24415717147616647       0.22411145586059278     
  0.95190257403770739       0.24486090664033799       0.22389882508244591     
  0.95504416669129721       0.24556396023397323       0.22367755195958752     
  0.95818575934488692       0.24626630508169681       0.22344762081821093     
  0.96132735199847674       0.24696791395906303       0.22320901609311616     
  0.96446894465206656       0.24766875959289758       0.22296172232775058     
  0.96761053730565638       0.24836881466163846       0.22270572417424672     
  0.97075212995924609       0.24906805179567787       0.22244100639345588     
  0.97389372261283591       0.24976644357770339       0.22216755385497866     
  0.97703531526642573       0.25046396254304026       0.22188535153719138     
  0.98017690792001555       0.25116058117999235       0.22159438452726957     
  0.98331850057360526       0.25185627193018478       0.22129463802120700     
  0.98646009322719508       0.25255100718890544       0.22098609732383184     
  0.98960168588078490       0.25324475930544671       0.22066874784881879     
  0.99274327853437472       0.25393750058344788       0.22034257511869726     
  0.99588487118796443       0.25462920328123689       0.22000756476485642     
  0.99902646384155425       0.25531983961217231       0.21966370252754580     
   1.0021680564951441       0.25600938174498533       0.21931097425587298     
   1.0053096491487339       0.25669780180412199       0.21894936590779657     
   1.0084512418023237       0.25738507187008464       0.21857886355011580     
   1.0115928344559135       0.25807116397977437       0.21819945335845672     
   1.0147344271095033       0.25875605012683256       0.21781112161725358     
   1.0178760197630929       0.25943970226198254       0.21741385471972713     
   1.0210176124166828       0.26012209229337202       0.21700763916785842     
   1.0241592050702726       0.26080319208691383       0.21659246157235926     
   1.0273007977238624       0.26148297346662802       0.21616830865263817     
   1.0304423903774522       0.26216140821498302       0.21573516723676284     
   1.0335839830310420       0.26283846807323713       0.21529302426141761     
   1.0367255756846319       0.26351412474177965       0.21484186677185835     
   1.0398671683382217       0.26418834988047163       0.21438168192186224     
   1.0430087609918113       0.26486111510898702       0.21391245697367361     
   1.0461503536454011       0.26553239200715339       0.21343417929794578     
   1.0492919462989909       0.26620215211529197       0.21294683637367898     
   1.0524335389525807       0.26687036693455840       0.21245041578815349     
   1.0555751316061706       0.26753700792728258       0.21194490523685930     
   1.0587167242597604       0.26820204651730856       0.21143029252342088     
   1.0618583169133502       0.26886545409033397       0.21090656555951828     
   1.0649999095669400       0.26952720199424951       0.21037371236480334     
   1.0681415022205296       0.27018726153947814       0.20983172106681219     
   1.0712830948741194       0.27084560399931362       0.20928057990087259     
   1.0744246875277093       0.27150220061025904       0.20872027721000819     
   1.0775662801812991       0.27215702257236529       0.20815080144483691     
   1.0807078728348889       0.27281004104956830       0.20757214116346595     
   1.0838494654884787       0.27346122717002735       0.20698428503138180     
   1.0869910581420685       0.27411055202646134       0.20638722182133590     
   1.0901326507956584       0.27475798667648660       0.20578094041322595     
   1.0932742434492482       0.27540350214295228       0.20516542979397237     
   1.0964158361028378       0.27604706941427726       0.20454067905739018     
   1.0995574287564276       0.27668865944478510       0.20390667740405657     
   1.1026990214100174       0.27732824315503962       0.20326341414117366     
   1.1058406140636072       0.27796579143217959       0.20261087868242617     
   1.1089822067171970       0.27860127513025273       0.20194906054783526     
   1.1121237993707869       0.27923466507054995       0.20127794936360649     
   1.1152653920243767       0.27986593204193849       0.20059753486197418     
   1.1184069846779665       0.28049504680119475       0.19990780688103998     
   1.1215485773315561       0.28112198007333666       0.19920875536460703     
   1.1246901699851459       0.28174670255195561       0.19850037036200910     
   1.1278317626387357       0.28236918489954743       0.19778264202793511     
   1.1309733552923256       0.28298939774784332       0.19705556062224827     
   1.1341149479459154       0.28360731169813996       0.19631911650980030     
   1.1372565405995052       0.28422289732162881       0.19557330016024094     
   1.1403981332530950       0.28483612515972545       0.19481810214782191     
   1.1435397259066848       0.28544696572439732       0.19405351315119637     
   1.1466813185602747       0.28605538949849213       0.19327952395321246     
   1.1498229112138643       0.28666136693606403       0.19249612544070241     
   1.1529645038674541       0.28726486846270072       0.19170330860426579     
   1.1561060965210439       0.28786586447584855       0.19090106453804800     
   1.1592476891746337       0.28846432534513755       0.19008938443951351     
   1.1623892818282235       0.28906022141270621       0.18926825960921262     
   1.1655308744818134       0.28965352299352382       0.18843768145054499     
   1.1686724671354032       0.29024420037571441       0.18759764146951552     
   1.1718140597889930       0.29083222382087814       0.18674813127448581     
   1.1749556524425826       0.29141756356441223       0.18588914257592076     
   1.1780972450961724       0.29200018981583198       0.18502066718612792     
   1.1812388377497622       0.29258007275908954       0.18414269701899305     
   1.1843804304033521       0.29315718255289336       0.18325522408970868     
   1.1875220230569419       0.29373148933102533       0.18235824051449795     
   1.1906636157105317       0.29430296320265814       0.18145173851033197     
   1.1938052083641215       0.29487157425267146       0.18053571039464195     
   1.1969468010177113       0.29543729254196666       0.17961014858502528     
   1.2000883936713009       0.29600008810778111       0.17867504559894587     
   1.2032299863248908       0.29655993096400196       0.17773039405342828     
   1.2063715789784806       0.29711679110147782       0.17677618666474654     
   1.2095131716320704       0.29767063848833025       0.17581241624810623     
   1.2126547642856602       0.29822144307026416       0.17483907571732094     
   1.2157963569392500       0.29876917477087700       0.17385615808448263     
   1.2189379495928399       0.29931380349196696       0.17286365645962559     
   1.2220795422464297       0.29985529911384012       0.17186156405038469     
   1.2252211349000195       0.30039363149561682       0.17084987416164649     
   1.2283627275536091       0.30092877047553601       0.16982858019519537     
   1.2315043202071989       0.30146068587125979       0.16879767564935177     
   1.2346459128607887       0.30198934748017564       0.16775715411860559     
   1.2377875055143785       0.30251472507969823       0.16670700929324173     
   1.2409290981679684       0.30303678842756937       0.16564723495896030     
   1.2440706908215582       0.30355550726215774       0.16457782499648932     
   1.2472122834751480       0.30407085130275635       0.16349877338119126     
   1.2503538761287378       0.30458279024987950       0.16241007418266307     
   1.2534954687823274       0.30509129378555794       0.16131172156432913     
   1.2566370614359172       0.30559633157363331       0.16020370978302734     
   1.2597786540895071       0.30609787326005050       0.15908603318858894     
   1.2629202467430969       0.30659588847314950       0.15795868622341075     
   1.2660618393966867       0.30709034682395558       0.15682166342202089     
   1.2692034320502765       0.30758121790646770       0.15567495941063714     
   1.2723450247038663       0.30806847129794590       0.15451856890671858     
   1.2754866173574562       0.30855207655919759       0.15335248671850982     
   1.2786282100110460       0.30903200323486169       0.15217670774457792     
   1.2817698026646356       0.30950822085369178       0.15099122697334266     
   1.2849113953182254       0.30998069892883756       0.14979603948259818     
   1.2880529879718152       0.31044940695812506       0.14859114043902899     
   1.2911945806254050       0.31091431442433493       0.14737652509771684     
   1.2943361732789949       0.31137539079547921       0.14615218880164119     
   1.2974777659325847       0.31183260552507713       0.14491812698117124     
   1.3006193585861745       0.31228592805242855       0.14367433515355119     
   1.3037609512397643       0.31273532780288621       0.14242080892237674     
   1.3069025438933539       0.31318077418812573       0.14115754397706473     
   1.3100441365469437       0.31362223660641514       0.13988453609231377     
   1.3131857292005336       0.31405968444288135       0.13860178112755850     
   1.3163273218541234       0.31449308706977569       0.13730927502641416     
   1.3194689145077132       0.31492241384673747       0.13600701381611408     
   1.3226105071613030       0.31534763412105582       0.13469499360693848     
   1.3257520998148928       0.31576871722792971       0.13337321059163548     
   1.3288936924684827       0.31618563249072590       0.13204166104483328     
   1.3320352851220723       0.31659834922123548       0.13070034132244426     
   1.3351768777756621       0.31700683671992808       0.12934924786106017     
   1.3383184704292519       0.31741106427620469       0.12798837717733946     
   1.3414600630828417       0.31781100116864791       0.12661772586738512     
   1.3446016557364315       0.31820661666527056       0.12523729060611447     
   1.3477432483900214       0.31859788002376249       0.12384706814661950     
   1.3508848410436112       0.31898476049173502       0.12244705531951874     
   1.3540264336972010       0.31936722730696337       0.12103724903230013     
   1.3571680263507908       0.31974524969762746       0.11961764626865437     
   1.3603096190043804       0.32011879688254968       0.11818824408779965     
   1.3634512116579702       0.32048783807143172       0.11674903962379635     
   1.3665928043115600       0.32085234246508820       0.11530003008485359     
   1.3697343969651499       0.32121227925567863       0.11384121275262504     
   1.3728759896187397       0.32156761762693692       0.11237258498149585     
   1.3760175822723295       0.32191832675439902       0.11089414419785984     
   1.3791591749259193       0.32226437580562767       0.10940588789938702     
   1.3823007675795091       0.32260573394043529       0.10790781365428088     
   1.3854423602330987       0.32294237031110445       0.10639991910052651     
   1.3885839528866886       0.32327425406260601       0.10488220194512746     
   1.3917255455402784       0.32360135433281423       0.10335465996333382     
   1.3948671381938682       0.32392364025272058       0.10181729099785937     
   1.3980087308474580       0.32424108094664394       0.10027009295808804     
   1.4011503235010478       0.32455364553243926        9.8713063819270544E-002
   1.4042919161546377       0.32486130312170269        9.7146201621710171E-002
   1.4074335088082275       0.32516402281997492        9.5569504469937727E-002
   1.4105751014618173       0.32546177372694191        9.3982970531876278E-002
   1.4137166941154069       0.32575452493663215        9.2386598037994150E-002
   1.4168582867689967       0.32604224553761241        9.0780385280447212E-002
   1.4199998794225865       0.32632490461317953        8.9164330612210810E-002
   1.4231414720761764       0.32660247124155067        8.7538432446199022E-002
   1.4262830647297662       0.32687491449605005        8.5902689254373860E-002
   1.4294246573833560       0.32714220344529277        8.4257099566841936E-002
   1.4325662500369458       0.32740430715336649        8.2601661970940238E-002
   1.4357078426905356       0.32766119468000943        8.0936375110309711E-002
   1.4388494353441252       0.32791283508078578        7.9261237683957375E-002
   1.4419910279977151       0.32815919740725852        7.7576248445305612E-002
   1.4451326206513049       0.32840025070715839        7.5881406201230545E-002
   1.4482742133048947       0.32863596402455081        7.4176709811087177E-002
   1.4514158059584845       0.32886630639999842        7.2462158185722533E-002
   1.4545573986120743       0.32909124687072228        7.0737750286475831E-002
   1.4576989912656642       0.32931075447075797        6.9003485124166847E-002
   1.4608405839192540       0.32952479823111008        6.7259361758070318E-002
   1.4639821765728436       0.32973334717990260        6.5505379294878485E-002
   1.4671237692264334       0.32993637034252604        6.3741536887649192E-002
   1.4702653618800232       0.33013383674178182        6.1967833734742697E-002
   1.4734069545336130       0.33032571539802252        6.0184269078742844E-002
   1.4765485471872029       0.33051197532928939        5.8390842205366181E-002
   1.4796901398407927       0.33069258555144587        5.6587552442356893E-002
   1.4828317324943825       0.33086751507830808        5.4774399158367716E-002
   1.4859733251479723       0.33103673292177144        5.2951381761826878E-002
   1.4891149178015621       0.33120020809193396        5.1118499699791244E-002
   1.4922565104551517       0.33135790959721556        4.9275752456784540E-002
   1.4953981031087415       0.33150980644447420        4.7423139553620881E-002
   1.4985396957623314       0.33165586763911781        4.5560660546214798E-002
   1.5016812884159212       0.33179606218521279        4.3688315024374959E-002
   1.5048228810695110       0.33193035908558827        4.1806102610583679E-002
   1.5079644737231008       0.33205872734193748        3.9914022958760856E-002
   1.5111060663766906       0.33218113595491389        3.8012075753012756E-002
   1.5142476590302805       0.33229755392422439        3.6100260706364941E-002
   1.5173892516838701       0.33240795024871811        3.4178577559479797E-002
   1.5205308443374599       0.33251229392647114        3.2247026079357172E-002
   1.5236724369910497       0.33261055395486711        3.0305606058020480E-002
   1.5268140296446395       0.33270269933067409        2.8354317311184790E-002
   1.5299556222982293       0.33278869905011638        2.6393159676909347E-002
   1.5330972149518192       0.33286852210894302        2.4422133014233106E-002
   1.5362388076054090       0.33294213750249135        2.2441237201793019E-002
   1.5393804002589988       0.33300951422574621        2.0450472136425608E-002
   1.5425219929125886       0.33307062127339532        1.8449837731750920E-002
   1.5456635855661782       0.33312542763987940        1.6439333916739060E-002
   1.5488051782197680       0.33317390231943822        1.4418960634258205E-002
   1.5519467708733579       0.33321601430615194        1.2388717839605823E-002
   1.5550883635269477       0.33325173259397811        1.0348605499020900E-002
   1.5582299561805375       0.33328102617678307        8.2986235881772862E-003
   1.5613715488341273       0.33330386404836992        6.2387720906593030E-003
   1.5645131414877171       0.33332021520250027        4.1690509964175722E-003
   1.5676547341413070       0.33333004863291238        2.0894603002061668E-003
   1.5707963267948966       0.33333333333333331        5.7418214139961092E-017
   1.5739379194484864       0.33333003829748686       -2.0993299046073196E-003
   1.5770795121020762       0.33332013251909581       -4.2085294140255672E-003
   1.5802211047556660       0.33330358499187979       -6.3275985303100912E-003
   1.5833626974092558       0.33328036470954686       -8.4565372588245313E-003
   1.5865042900628457       0.33325044066578113       -1.0595345609924558E-002
   1.5896458827164355       0.33321378185422396       -1.2744023600661989E-002
   1.5927874753700253       0.33317035726845029       -1.4902571256510734E-002
   1.5959290680236149       0.33312013590193978       -1.7070988613113531E-002
   1.5990706606772047       0.33306308674804158       -1.9249275718051930E-002
   1.6022122533307945       0.33299917879993435       -2.1437432632636352E-002
   1.6053538459843844       0.33292838105058015       -2.3635459433720297E-002
   1.6084954386379742       0.33285066249267292       -2.5843356215536233E-002
   1.6116370312915640       0.33276599211858077       -2.8061123091555062E-002
   1.6147786239451538       0.33267433892028253       -3.0288760196368454E-002
   1.6179202165987436       0.33257567188929865       -3.2526267687594930E-002
   1.6210618092523335       0.33246996001661566       -3.4773645747810208E-002
   1.6242034019059230       0.33235717229260492       -3.7030894586500704E-002
   1.6273449945595129       0.33223727770693451       -3.9298014442043901E-002
   1.6304865872131027       0.33211024524847582       -4.1575005583710148E-002
   1.6336281798666925       0.33197604390520313       -4.3861868313693153E-002
   1.6367697725202823       0.33183464266408685       -4.6158602969163964E-002
   1.6399113651738721       0.33168601051098057       -4.8465209924351604E-002
   1.6430529578274620       0.33153011643050123       -5.0781689592649809E-002
   1.6461945504810518       0.33136692940590268       -5.3108042428750765E-002
   1.6493361431346414       0.33119641841894265       -5.5444268930805077E-002
   1.6524777357882312       0.33101855244974276       -5.7790369642610598E-002
   1.6556193284418210       0.33083330047664167       -6.0146345155827008E-002
   1.6587609210954108       0.33064063147604100       -6.2512196112220364E-002
   1.6619025137490007       0.33044051442224481       -6.4887923205935255E-002
   1.6650441064025905       0.33023291828729112       -6.7273527185796184E-002
   1.6681856990561803       0.33001781204077613       -6.9669008857638465E-002
   1.6713272917097701       0.32979516464967223       -7.2074369086668422E-002
   1.6744688843633597       0.32956494507813722       -7.4489608799854251E-002
   1.6776104770169495       0.32932712228731625       -7.6914728988347669E-002
   1.6807520696705394       0.32908166523513710       -7.9349730709935853E-002
   1.6838936623241292       0.32882854287609609       -8.1794615091525524E-002
   1.6870352549777190       0.32856772416103769       -8.4249383331658989E-002
   1.6901768476313088       0.32829917803692504       -8.6714036703062436E-002
   1.6933184402848986       0.32802287344660314       -8.9188576555226967E-002
   1.6964600329384885       0.32773877932855305       -9.1673004317023576E-002
   1.6996016255920783       0.32744686461663935       -9.4167321499351045E-002
   1.7027432182456679       0.32714709823984706       -9.6671529697819281E-002
   1.7058848108992577       0.32683944912201224       -9.9185630595467048E-002
   1.7090264035528475       0.32652388618154232      -0.10170962596551425     
   1.7121679962064373       0.32620037833112880      -0.10424351767415152     
   1.7153095888600272       0.32586889447745065      -0.10678730768336521     
   1.7184511815136170       0.32552940352086895      -0.10934099805379993     
   1.7215927741672068       0.32518187435511203      -0.11190459094765810     
   1.7247343668207966       0.32482627586695245      -0.11447808863163791     
   1.7278759594743862       0.32446257693587344      -0.11706149347990949     
   1.7310175521279760       0.32409074643372682      -0.11965480797713146     
   1.7341591447815659       0.32371075322438125      -0.12225803472150512     
   1.7373007374351557       0.32332256616336025      -0.12487117642787117     
   1.7404423300887455       0.32292615409747139      -0.12749423593084652     
   1.7435839227423353       0.32252148586442442      -0.13012721618800258     
   1.7467255153959251       0.32210853029244046      -0.13277012028308594     
   1.7498671080495150       0.32168725619985028      -0.13542295142928251     
   1.7530087007031048       0.32125763239468241      -0.13808571297252428     
   1.7561502933566944       0.32081962767424094      -0.14075840839484077     
   1.7592918860102842       0.32037321082467263      -0.14344104131775637     
   1.7624334786638740       0.31991835062052332      -0.14613361550573084     
   1.7655750713174638       0.31945501582428332      -0.14883613486964892     
   1.7687166639710536       0.31898317518592195      -0.15154860347035473     
   1.7718582566246435       0.31850279744241061      -0.15427102552223562     
   1.7749998492782333       0.31801385131723514      -0.15700340539685340     
   1.7781414419318231       0.31751630551989579      -0.15974574762662544     
   1.7812830345854127       0.31701012874539636      -0.16249805690855534     
   1.7844246272390025       0.31649528967372109      -0.16526033810801555     
   1.7875662198925923       0.31597175696929974      -0.16803259626257960     
   1.7907078125461822       0.31543949928046039      -0.17081483658590901     
   1.7938494051997720       0.31489848523887037      -0.17360706447169197     
   1.7969909978533618       0.31434868345896400      -0.17640928549763685     
   1.8001325905069516       0.31379006253735842      -0.17922150542952098     
   1.8032741831605414       0.31322259105225647      -0.18204373022529413     
   1.8064157758141310       0.31264623756283599      -0.18487596603924011     
   1.8095573684677209       0.31206097060862681      -0.18771821922619608     
   1.8126989611213107       0.31146675870887358      -0.19057049634582882     
   1.8158405537749005       0.31086357036188611      -0.19343280416697245     
   1.8189821464284903       0.31025137404437475      -0.19630514967202620     
   1.8221237390820801       0.30963013821077268      -0.19918754006141337     
   1.8252653317356700       0.30899983129254394      -0.20207998275810315     
   1.8284069243892598       0.30836042169747713      -0.20498248541219613     
   1.8315485170428496       0.30771187780896447      -0.20789505590557425     
   1.8346901096964392       0.30705416798526619      -0.21081770235661607     
   1.8378317023500290       0.30638726055876025      -0.21375043312498082     
   1.8409732950036188       0.30571112383517646      -0.21669325681645707     
   1.8441148876572087       0.30502572609281592      -0.21964618228788330     
   1.8472564803107985       0.30433103558175401      -0.22260921865213756     
   1.8503980729643883       0.30362702052302870      -0.22558237528319849     
   1.8535396656179781       0.30291364910781160      -0.22856566182127908     
   1.8566812582715679       0.30219088949656381      -0.23155908817803419     
   1.8598228509251575       0.30145870981817480      -0.23456266454184305     
   1.8629644435787474       0.30071707816908455      -0.23757640138316904     
   1.8661060362323372       0.29996596261238884      -0.24060030945999492     
   1.8692476288859270       0.29920533117692749      -0.24363439982333937     
   1.8723892215395168       0.29843515185635505      -0.24667868382285243     
   1.8755308141931066       0.29765539260819335      -0.24973317311249313     
   1.8786724068466965       0.29686602135286677      -0.25279787965629064     
   1.8818139995002863       0.29606700597271896      -0.25587281573418841     
   1.8849555921538761       0.29525831431101091      -0.25895799394797636     
   1.8880971848074657       0.29443991417090054      -0.26205342722730884     
   1.8912387774610555       0.29361177331440297      -0.26515912883581327     
   1.8943803701146453       0.29277385946133183      -0.26827511237728724     
   1.8975219627682351       0.29192614028822061      -0.27140139180198958     
   1.9006635554218250       0.29106858342722414      -0.27453798141302460     
   1.9038051480754148       0.29020115646500000      -0.27768489587282141     
   1.9069467407290046       0.28932382694156933      -0.28084215020971115     
   1.9100883333825944       0.28843656234915704      -0.28400975982460186     
   1.9132299260361840       0.28753933013101052      -0.28718774049775503     
   1.9163715186897738       0.28663209768019687      -0.29037610839566508     
   1.9195131113433637       0.28571483233837924      -0.29357488007804033     
   1.9226547039969535       0.28478750139456965      -0.29678407250489314     
   1.9257962966505433       0.28385007208386076      -0.30000370304373636     
   1.9289378893041331       0.28290251158613361      -0.30323378947689039     
   1.9320794819577229       0.28194478702474340      -0.30647435000890150     
   1.9352210746113128       0.28097686546518108      -0.30972540327407505     
   1.9383626672649024       0.27999871391371078      -0.31298696834412343     
   1.9415042599184922       0.27901029931598409      -0.31625906473593451     
   1.9446458525720820       0.27801158855562880      -0.31954171241945656     
   1.9477874452256718       0.27700254845281330      -0.32283493182571005     
   1.9509290378792616       0.27598314576278504      -0.32613874385492064     
   1.9540706305328515       0.27495334717438352      -0.32945316988478179     
   1.9572122231864413       0.27391311930852758      -0.33277823177884508     
   1.9603538158400311       0.27286242871667493      -0.33611395189504362     
   1.9634954084936209       0.27180124187925631      -0.33946035309434841     
   1.9666370011472105       0.27072952520408078      -0.34281745874956282     
   1.9697785938008003       0.26964724502471366      -0.34618529275425625     
   1.9729201864543902       0.26855436759882689      -0.34956387953183815     
   1.9760617791079800       0.26745085910651956      -0.35295324404477874     
   1.9792033717615698       0.26633668564860979      -0.35635341180397606     
   1.9823449644151596       0.26521181324489701      -0.35976440887827393     
   1.9854865570687494       0.26407620783239394      -0.36318626190413134     
   1.9886281497223393       0.26292983526352776      -0.36661899809545007     
   1.9917697423759289       0.26177266130431093      -0.37006264525355881     
   1.9949113350295187       0.26060465163247892      -0.37351723177736196     
   1.9980529276831085       0.25942577183559778      -0.37698278667365048     
   2.0011945203366985       0.25823598740913711      -0.38045933956758360     
   2.0043361129902881       0.25703526375451147      -0.38394692071333991     
   2.0074777056438777       0.25582356617708663      -0.38744556100494609     
   2.0106192982974678       0.25460085988415215      -0.39095529198728118     
   2.0137608909510574       0.25336710998286033      -0.39447614586726254     
   2.0169024836046474       0.25212228147812660      -0.39800815552522090     
   2.0200440762582370       0.25086633927049801      -0.40155135452645807     
   2.0231856689118271       0.24959924815398066      -0.40510577713300455     
   2.0263272615654166       0.24832097281383431      -0.40867145831556623     
   2.0294688542190067       0.24703147782432486      -0.41224843376567843     
   2.0326104468725963       0.24573072764644277      -0.41583673990805742     
   2.0357520395261859       0.24441868662557775      -0.41943641391316699     
   2.0388936321797759       0.24309531898915721      -0.42304749370999312     
   2.0420352248333655       0.24176058884424315      -0.42667001799903448     
   2.0451768174869556       0.24041446017508641      -0.43030402626552072     
   2.0483184101405452       0.23905689684064199      -0.43394955879284736     
   2.0514600027941352       0.23768786257203839      -0.43760665667624987     
   2.0546015954477248       0.23630732097000701      -0.44127536183670379     
   2.0577431881013144       0.23491523550226442      -0.44495571703507270     
   2.0608847807549044       0.23351156950085214      -0.44864776588649535     
   2.0640263734084940       0.23209628615942987      -0.45235155287502282     
   2.0671679660620841       0.23066934853052171      -0.45606712336851390     
   2.0703095587156737       0.22923071952271704      -0.45979452363378492     
   2.0734511513692637       0.22778036189782064      -0.46353380085203144     
   2.0765927440228533       0.22631823826795738      -0.46728500313451304     
   2.0797343366764434       0.22484431109262334      -0.47104817953852246     
   2.0828759293300330       0.22335854267569027      -0.47482338008362907     
   2.0860175219836226       0.22186089516235494      -0.47861065576821804     
   2.0891591146372126       0.22035133053603861      -0.48241005858631808     
   2.0923007072908022       0.21882981061523263      -0.48622164154472947     
   2.0954422999443922       0.21729629705028802      -0.49004545868046501     
   2.0985838925979818       0.21575075132015320      -0.49388156507849379     
   2.1017254852515719       0.21419313472905122      -0.49773001688981677     
   2.1048670779051615       0.21262340840310401      -0.50159087134985658     
   2.1080086705587515       0.21104153328689418      -0.50546418679719196     
   2.1111502632123411       0.20944747013997161      -0.50935002269262375     
   2.1142918558659307       0.20784117953329573      -0.51324843963859634     
   2.1174334485195208       0.20622262184561851      -0.51715949939896988     
   2.1205750411731104       0.20459175725980513      -0.52108326491915591     
   2.1237166338267004       0.20294854575908827      -0.52501980034662832     
   2.1268582264802900       0.20129294712326085      -0.52896917105180674     
   2.1299998191338800       0.19962492092479872      -0.53293144364933553     
   2.1331414117874696       0.19794442652491989      -0.53690668601974978     
   2.1362830044410592       0.19625142306957138      -0.54089496733155440     
   2.1394245970946493       0.19454586948534852      -0.54489635806371139     
   2.1425661897482389       0.19282772447534252      -0.54891093002854996     
   2.1457077824018289       0.19109694651491393      -0.55293875639511303     
   2.1488493750554185       0.18935349384739453      -0.55697991171293959     
   2.1519909677090086       0.18759732447971061      -0.56103447193630551     
   2.1551325603625981       0.18582839617793354      -0.56510251444891735     
   2.1582741530161882       0.18404666646274703      -0.56918411808908875     
   2.1614157456697778       0.18225209260483974      -0.57327936317538808     
   2.1645573383233674       0.18044463162021201      -0.57738833153279057     
   2.1676989309769574       0.17862424026540219      -0.58151110651932891     
   2.1708405236305470       0.17679087503262900      -0.58564777305325877     
   2.1739821162841371       0.17494449214484439      -0.58979841764076091     
   2.1771237089377267       0.17308504755070320      -0.59396312840417231     
   2.1802653015913167       0.17121249691943830      -0.59814199511078092     
   2.1834068942449063       0.16932679563564909      -0.60233510920217659     
   2.1865484868984963       0.16742789879399270      -0.60654256382418792     
   2.1896900795520859       0.16551576119378422      -0.61076445385740430     
   2.1928316722056755       0.16359033733349609      -0.61500087594831143     
   2.1959732648592656       0.16165158140516139      -0.61925192854104039     
   2.1991148575128552       0.15969944728867685      -0.62351771190975147     
   2.2022564501664452       0.15773388854599957      -0.62779832819167458     
   2.2053980428200348       0.15575485841524384      -0.63209388142080325     
   2.2085396354736249       0.15376230980466590      -0.63640447756228080     
   2.2116812281272145       0.15175619528654460      -0.64073022454747275     
   2.2148228207808045       0.14973646709094607      -0.64507123230976160     
   2.2179644134343941       0.14770307709937899      -0.64942761282106365     
   2.2211060060879837       0.14565597683833043      -0.65379948012910205     
   2.2242475987415737       0.14359511747268555      -0.65818695039543951     
   2.2273891913951633       0.14152044979902692      -0.66259014193429655     
   2.2305307840487534       0.13943192423880763      -0.66700917525217840     
   2.2336723767023430       0.13732949083140333      -0.67144417308831650     
   2.2368139693559330       0.13521309922703062      -0.67589526045596271     
   2.2399555620095226       0.13308269867953940      -0.68036256468453771     
   2.2430971546631122       0.13093823803906718      -0.68484621546267432     
   2.2462387473167023       0.12877966574455935      -0.68934634488216062     
   2.2493803399702919       0.12660692981615002      -0.69386308748281433     
   2.2525219326238819       0.12441997784739764      -0.69839658029831386     
   2.2556635252774715       0.12221875699737958      -0.70294696290299863     
   2.2588051179310615       0.12000321398263269      -0.70751437745967927     
   2.2619467105846511       0.11777329506894763      -0.71209896876846313     
   2.2650883032382412       0.11552894606300337      -0.71670088431664425     
   2.2682298958918308       0.11327011230384731      -0.72132027432965851     
   2.2713714885454204       0.11099673865420963      -0.72595729182315782     
   2.2745130811990104       0.10870876949165556      -0.73061209265620874     
   2.2776546738526000       0.10640614869956815      -0.73528483558565738     
   2.2807962665061901       0.10408881965795494      -0.73997568232169297     
   2.2839378591597796       0.10175672523408465      -0.74468479758462292     
   2.2870794518133697        9.9409807772936037E-002 -0.74941234916291943     
   2.2902210444669593        9.7048009087469425E-002 -0.75415850797253792     
   2.2933626371205493        9.4671270448703507E-002 -0.75892344811757229     
   2.2965042297741389        9.2279532575605241E-002 -0.76370734695225340     
   2.2996458224277285        8.9872735624777947E-002 -0.76851038514435044     
   2.3027874150813186        8.7450819179950692E-002 -0.77333274673999441     
   2.3059290077349082        8.5013722241262163E-002 -0.77817461922996822     
   2.3090706003884982        8.2561383214330999E-002 -0.78303619361750698     
   2.3122121930420878        8.0093739899114447E-002 -0.78791766448763845     
   2.3153537856956778        7.7610729478543000E-002 -0.79281923007811517     
   2.3184953783492674        7.5112288506933619E-002 -0.79774109235197010     
   2.3216369710028570        7.2598352898168086E-002 -0.80268345707175448     
   2.3247785636564471        7.0068857913638677E-002 -0.80764653387548613     
   2.3279201563100367        6.7523738149952106E-002 -0.81263053635436588     
   2.3310617489636267        6.4962927526383982E-002 -0.81763568213231341     
   2.3342033416172163        6.2386359272084579E-002 -0.82266219294735476     
   2.3373449342708064        5.9793965913020844E-002 -0.82771029473493840     
   2.3404865269243960        5.7185679258659694E-002 -0.83278021771320399     
   2.3436281195779860        5.4561430388373564E-002 -0.83787219647028821     
   2.3467697122315756        5.1921149637574646E-002 -0.84298647005369465     
   2.3499113048851652        4.9264766583560229E-002 -0.84812328206181054     
   2.3530528975387552        4.6592210031069795E-002 -0.85328288073761405     
   2.3561944901923448        4.3903407997544289E-002 -0.85846551906463819     
   2.3593360828459349        4.1198287698077554E-002 -0.86367145486526442     
   2.3624776754995245        3.8476775530059487E-002 -0.86890095090139252     
   2.3656192681531145        3.5738797057494068E-002 -0.87415427497757670     
   2.3687608608067041        3.2984276994994816E-002 -0.87943170004667837     
   2.3719024534602942        3.0213139191439031E-002 -0.88473350431812536     
   2.3750440461138838        2.7425306613282879E-002 -0.89005997136883619     
   2.3781856387674734        2.4620701327518424E-002 -0.89541139025690364     
   2.3813272314210634        2.1799244484273242E-002 -0.90078805563810216     
   2.3844688240746530        1.8960856299038542E-002 -0.90619026788530932     
   2.3876104167282430        1.6105456034514812E-002 -0.91161833321093155     
   2.3907520093818326        1.3232961982072897E-002 -0.91707256379240643     
   2.3938936020354227        1.0343291442809488E-002 -0.92255327790089725     
   2.3970351946890123        7.4363607082005984E-003 -0.92806080003324232     
   2.4001767873426019        4.5120850403280732E-003 -0.93359546104729152     
   2.4033183799961919        1.5703786516799434E-003 -0.93915759830070356     
   2.4064599726497815       -1.3888453154904251E-003 -0.94474755579331626     
   2.4096015653033716       -4.3656748102631066E-003 -0.95036568431321200     
   2.4127431579569611       -7.3601988946082053E-003 -0.95601234158656223     
   2.4158847506105512       -1.0372507765426475E-002 -0.96168789243139641     
   2.4190263432641408       -1.3402692777072678E-002 -0.96739270891538887     
   2.4221679359177308       -1.6450846464387284E-002 -0.97312717051780950     
   2.4253095285713204       -1.9517062566237656E-002 -0.97889166429574637     
   2.4284511212249100       -2.2601436049593956E-002 -0.98468658505475093     
   2.4315927138785001       -2.5704063134144778E-002 -0.99051233552403106     
   2.4347343065320897       -2.8825041317469616E-002 -0.99636932653633326     
   2.4378758991856797       -3.1964469400789106E-002  -1.0022579772126781     
   2.4410174918392693       -3.5122447515296432E-002  -1.0081787151520747     
   2.4441590844928593       -3.8299077149100344E-002  -1.0141319766264021     
   2.4473006771464489       -4.1494461174780492E-002  -1.0201182067805912     
   2.4504422698000390       -4.4708703877589004E-002  -1.0261378598383073     
   2.4535838624536286       -4.7941910984298577E-002  -1.0321913993132812     
   2.4567254551072182       -5.1194189692730901E-002  -1.0382792982264955     
   2.4598670477608082       -5.4465648701972180E-002  -1.0444020393293982     
   2.4630086404143978       -5.7756398243299756E-002  -1.0505601153333455     
   2.4661502330679879       -6.1066550111844232E-002  -1.0567540291454862     
   2.4692918257215775       -6.4396217698995659E-002  -1.0629842941112810     
   2.4724334183751675       -6.7745516025590313E-002  -1.0692514342638950     
   2.4755750110287571       -7.1114561775884447E-002  -1.0755559845806735     
   2.4787166036823467       -7.4503473332351841E-002  -1.0818984912469563     
   2.4818581963359367       -7.7912370811318077E-002  -1.0882795119274571     
   2.4849997889895263       -8.1341376099458754E-002  -1.0946996160454714     
   2.4881413816431164       -8.4790612891192593E-002  -1.1011593850701842     
   2.4912829742967060       -8.8260206726983564E-002  -1.1076594128123360     
   2.4944245669502960       -9.1750285032592138E-002  -1.1142003057285492     
   2.4975661596038856       -9.5260977159289634E-002  -1.1207826832345962     
   2.5007077522574757       -9.8792414425078107E-002  -1.1274071780279340     
   2.5038493449110653      -0.10234473015693209       -1.1340744364198074     
   2.5069909375646549      -0.10591805973410488       -1.1407851186772726     
   2.5101325302182449      -0.10951254063252136       -1.1475398993754726     
   2.5132741228718345      -0.11312831247029405       -1.1543394677605279     
   2.5164157155254245      -0.11676551705440112       -1.1611845281234325     
   2.5195573081790141      -0.12042429842854921       -1.1680758001853149     
   2.5226989008326042      -0.12410480292227330       -1.1750140194945082     
   2.5258404934861938      -0.12780717920129528       -1.1819999378358106     
   2.5289820861397838      -0.13153157831919543       -1.1890343236524172     
   2.5321236787933734      -0.13527815377042177       -1.1961179624809433     
   2.5352652714469630      -0.13904706154469576       -1.2032516574000491     
   2.5384068641005531      -0.14283846018284413       -1.2104362294931406     
   2.5415484567541426      -0.14665251083410569       -1.2176725183256676     
   2.5446900494077327      -0.15048937731496825       -1.2249613824375760     
   2.5478316420613223      -0.15434922616956848       -1.2323036998514494     
   2.5509732347149123      -0.15823222673172219       -1.2397003685969561     
   2.5541148273685019      -0.16213855118861958       -1.2471523072521813     
   2.5572564200220920      -0.16606837464625784       -1.2546604555025189     
   2.5603980126756816      -0.17002187519664902       -1.2622257747177519     
   2.5635396053292712      -0.17399923398687861       -1.2698492485480495     
   2.5666811979828612      -0.17800063529006105       -1.2775318835395799     
   2.5698227906364508      -0.18202626657826224       -1.2852747097705093     
   2.5729643832900408      -0.18607631859745741       -1.2930787815081821     
   2.5761059759436304      -0.19015098544458067       -1.3009451778882906     
   2.5792475685972205      -0.19425046464675200       -1.3088750036169206     
   2.5823891612508101      -0.19837495724273840       -1.3168693896963484     
   2.5855307539043997      -0.20252466786674234       -1.3249294941755618     
   2.5886723465579897      -0.20669980483458164       -1.3330565029264621     
   2.5918139392115793      -0.21090058023235059       -1.3412516304467919     
   2.5949555318651694      -0.21512721000765200       -1.3495161206908766     
   2.5980971245187590      -0.21937991406347587       -1.3578512479292804     
   2.6012387171723490      -0.22365891635483476       -1.3662583176385907     
   2.6043803098259386      -0.22796444498823482       -1.3747386674225326     
   2.6075219024795286      -0.23229673232409898       -1.3832936679657433     
   2.6106634951331182      -0.23665601508223341       -1.3919247240215278     
   2.6138050877867078      -0.24104253445045767       -1.4006332754350486     
   2.6169466804402979      -0.24545653619650309       -1.4094207982034084     
   2.6200882730938875      -0.24989827078330140       -1.4182888055742060     
   2.6232298657474775      -0.25436799348779204       -1.4272388491842005     
   2.6263714584010671      -0.25886596452336402       -1.4362725202397826     
   2.6295130510546572      -0.26339244916608329       -1.4453914507410819     
   2.6326546437082468      -0.26794771788482724       -1.4545973147515676     
   2.6357962363618368      -0.27253204647549256       -1.4638918297151582     
   2.6389378290154264      -0.27714571619940581       -1.4732767578228918     
   2.6420794216690160      -0.28178901392612110       -1.4827539074313778     
   2.6452210143226060      -0.28646223228074863       -1.4923251345352977     
   2.6483626069761956      -0.29116566979600017       -1.5019923442963874     
   2.6515041996297857      -0.29589963106913386       -1.5117574926314528     
   2.6546457922833753      -0.30066442692397627       -1.5216225878620553     
   2.6577873849369653      -0.30546037457823733       -1.5315896924287205     
   2.6609289775905549      -0.31028779781630511       -1.5416609246725872     
   2.6640705702441445      -0.31514702716775839       -1.5518384606876492     
   2.6672121628977346      -0.32003840009180606       -1.5621245362468361     
   2.6703537555513241      -0.32496226116789817       -1.5725214488053987     
   2.6734953482049142      -0.32991896229276396       -1.5830315595852595     
   2.6766369408585038      -0.33490886288411970       -1.5936572957441189     
   2.6797785335120938      -0.33993233009134061       -1.6044011526334176     
   2.6829201261656834      -0.34498973901336039       -1.6152656961493705     
   2.6860617188192735      -0.35008147292411979       -1.6262535651816243     
   2.6892033114728631      -0.35520792350585612       -1.6373674741642468     
   2.6923449041264527      -0.36036949109058547       -1.6486102157341120     
   2.6954864967800427      -0.36556658491010408       -1.6599846635019493     
   2.6986280894336323      -0.37079962335487981       -1.6714937749416765     
   2.7017696820872223      -0.37606903424222204       -1.6831405944039552     
   2.7049112747408119      -0.38137525509411019       -1.6949282562602002     
   2.7080528673944020      -0.38671873342512564       -1.7068599881837232     
   2.7111944600479916      -0.39209992704090402       -1.7189391145749691     
   2.7143360527015816      -0.39751930434759619       -1.7311690601383423     
   2.7174776453551712      -0.40297734467280250       -1.7435533536184353     
   2.7206192380087608      -0.40847453859851701       -1.7560956317040493     
   2.7237608306623509      -0.41401138830660489       -1.7687996431088240     
   2.7269024233159405      -0.41958840793738827       -1.7816692528378646     
   2.7300440159695305      -0.42520612396194929       -1.7947084466503420     
   2.7331856086231201      -0.43086507556876225       -1.8079213357285957     
   2.7363272012767101      -0.43656581506534686       -1.8213121615650132     
   2.7394687939302997      -0.44230890829561809       -1.8348853010785633     
   2.7426103865838893      -0.44809493507369891       -1.8486452719737134     
   2.7457519792374794      -0.45392448963496024       -1.8625967383551743     
   2.7488935718910690      -0.45979818110511894       -1.8767445166128383     
   2.7520351645446590      -0.46571663398827823       -1.8910935815922087     
   2.7551767571982486      -0.47168048867480816       -1.9056490730665412     
   2.7583183498518387      -0.47769040197007062       -1.9204163025280985     
   2.7614599425054283      -0.48374704764499060       -1.9354007603169388     
   2.7646015351590183      -0.48985111700959266       -1.9506081231070218     
   2.7677431278126079      -0.49600331951063092       -1.9660442617706231     
   2.7708847204661975      -0.50220438335456197       -1.9817152496435784     
   2.7740263131197875      -0.50845505615713638       -1.9976273712153365     
   2.7771679057733771      -0.51475610562099106       -2.0137871312695008     
   2.7803094984269672      -0.52110832024270948       -2.0302012645023435     
   2.7834510910805568      -0.52751251005087574       -2.0468767456486243     
   2.7865926837341468      -0.53396950737679150       -2.0638208001462504     
   2.7897342763877364      -0.54048016765957219       -2.0810409153734204     
   2.7928758690413265      -0.54704537028750755       -2.0985448524944852     
   2.7960174616949161      -0.55366601947762861       -2.1163406589532201     
   2.7991590543485056      -0.56034304519560729       -2.1344366816552176     
   2.8023006470020957      -0.56707740411820384       -2.1528415808840649     
   2.8054422396556853      -0.57387008064064371       -2.1715643449993727     
   2.8085838323092753      -0.58072208793147972       -2.1906143059683916     
   2.8117254249628649      -0.58763446903761052       -2.2100011557867711     
   2.8148670176164550      -0.59460829804238102       -2.2297349638484709     
   2.8180086102700446      -0.60164468127980719       -2.2498261953292884     
   2.8211502029236346      -0.60874475860825528       -2.2702857306537658     
   2.8242917955772242      -0.61590970474706130       -2.2911248861205054     
   2.8274333882308138      -0.62314073067988529       -2.3123554357671932     
   2.8305749808844038      -0.63043908512881042       -2.3339896345629767     
   2.8337165735379934      -0.63780605610350904       -2.3560402430231457     
   2.8368581661915835      -0.64524297253011720       -2.3785205533488778     
   2.8399997588451731      -0.65275120596475289       -2.4014444172032814     
   2.8431413514987631      -0.66033217239704034       -2.4248262752445275     
   2.8462829441523527      -0.66798733414932832       -2.4486811885469097     
   2.8494245368059423      -0.67571820187778542       -2.4730248720521919     
   2.8525661294595324      -0.68352633668196716       -2.4978737302057512     
   2.8557077221131220      -0.69141335232998491       -2.5232448949457660     
   2.8588493147667120      -0.69938091760696852       -2.5491562662286591     
   2.8619909074203016      -0.70743075879506812       -2.5756265552903397     
   2.8651325000738916      -0.71556466229396376       -2.6026753308611541     
   2.8682740927274812      -0.72378447739149399       -2.6303230685722911     
   2.8714156853810713      -0.73209211919486683       -2.6585912038136970     
   2.8745572780346609      -0.74048957173370145       -2.6875021883278665     
   2.8776988706882505      -0.74897889124715533       -2.7170795508511736     
   2.8808404633418405      -0.75756220966834831       -2.7473479621442394     
   2.8839820559954301      -0.76624173832046871       -2.7783333047863303     
   2.8871236486490202      -0.77501977184017323       -2.8100627481458211     
   2.8902652413026098      -0.78389869234521226       -2.8425648289798096     
   2.8934068339561998      -0.79288097386477741       -2.8758695381621573     
   2.8965484266097894      -0.80196918705263109       -2.9100084140901394     
   2.8996900192633794      -0.81116600420498131       -2.9450146433773914     
   2.9028316119169690      -0.82047420460698672       -2.9809231695044986     
   2.9059732045705586      -0.82989668023407948       -3.0177708101705751     
   2.9091147972241487      -0.83943644183668020       -3.0555963841692191     
   2.9122563898777383      -0.84909662543965037       -3.0944408487027322     
   2.9153979825313283      -0.85888049929085419       -3.1343474481500557     
   2.9185395751849179      -0.86879147129652190       -3.1753618754181234     
   2.9216811678385080      -0.87883309698493317       -3.2175324471358326     
   2.9248227604920976      -0.88900908804402579       -3.2609102940954671     
   2.9279643531456871      -0.89932332148330185       -3.3055495685121667     
   2.9311059457992772      -0.90977984947553081       -3.3515076698592265     
   2.9342475384528668      -0.92038290993967131       -3.3988454912504018     
   2.9373891311064568      -0.93113693793297236       -3.4476276885830517     
   2.9405307237600464      -0.94204657792756696       -3.4979229749325471     
   2.9436723164136365      -0.95311669705525137       -3.5498044430050539     
   2.9468139090672261      -0.96435239941342443       -3.6033499188176998     
   2.9499555017208161      -0.97575904153585691       -3.6586423501912959     
   2.9530970943744057      -0.98734224914385427       -3.7157702341184433     
   2.9562386870279953      -0.99910793530708819       -3.7748280876213927     
   2.9593802796815853       -1.0110623201587476       -3.8359169673501752     
   2.9625218723351749       -1.0232119523273524       -3.8991450439088959     
   2.9656634649887650       -1.0355637322676823       -3.9646282377537130     
   2.9688050576423546       -1.0481249376962469       -4.0324909245013139     
   2.9719466502959446       -1.0609032513632233       -4.1028667186488237     
   2.9750882429495342       -1.0739067914230194       -4.1758993460642895     
   2.9782298356031243       -1.0871441447007417       -4.2517436172016811     
   2.9813714282567139       -1.1006244031921182       -4.3305665148690498     
   2.9845130209103035       -1.1143572041813967       -4.4125484125922192     
   2.9876546135638935       -1.1283527744160109       -4.4978844422353790     
   2.9907962062174831       -1.1426219788402485       -4.5867860326510836     
   2.9939377988710731       -1.1571763744642178       -4.6794826448387781     
   2.9970793915246627       -1.1720282700311215       -4.7762237335223245     
   3.0002209841782528       -1.1871907922480327       -4.8772809703760318     
   3.0033625768318424       -1.2026779594656627       -4.9829507705340577     
   3.0065041694854320       -1.2185047638353215       -5.0935571717661468     
   3.0096457621390220       -1.2346872631405810       -5.2094551251092902     
   3.0127873547926116       -1.2512426837033492       -5.3310342672181275     
   3.0159289474462017       -1.2681895360061228       -5.4587232587512204     
   3.0190705400997913       -1.2855477449631976       -5.5929947904075030     
   3.0222121327533813       -1.3033387971254160       -5.7343713796232976     
   3.0253537254069709       -1.3215859075295400       -5.8834321075386367     
   3.0284953180605609       -1.3403142094237985       -6.0408204790928632     
   3.0316369107141505       -1.3595509707385793       -6.2072536309087178     
   3.0347785033677401       -1.3793258419569410       -6.3835331644915572     
   3.0379200960213302       -1.3996711410127465       -6.5705579495541082     
   3.0410616886749198       -1.4206221820573131       -6.7693393284879839     
   3.0442032813285098       -1.4422176564567846       -6.9810192642433693     
   3.0473448739820994       -1.4645000763030032       -7.2068921184913197     
   3.0504864666356895       -1.4875162931627526       -7.4484309364409542     
   3.0536280592892791       -1.5113181079180888       -7.7073193650908145     
   3.0567696519428691       -1.5359629915894990       -7.9854906655777160     
   3.0599112445964587       -1.5615149422927610       -8.2851757297457524     
   3.0630528372500483       -1.5880455103916336       -8.6089626223342641     
   3.0661944299036383       -1.6156350330786298       -8.9598710106916784     
   3.0693360225572279       -1.6443741319121652       -9.3414460133400681     
   3.0724776152108180       -1.6743655435119360       -9.7578776465453583     
   3.0756192078644076       -1.7057263765007806       -10.214154402110090     
   3.0787608005179976       -1.7385909196132028       -10.716262903030485     
   3.0819023931715872       -1.7731141708034812       -11.271450614003886     
   3.0850439858251772       -1.8094763215575331       -11.888576129357784     
   3.0881855784787668       -1.8478885244705978       -12.578583101355907     
   3.0913271711323564       -1.8886004116221242       -13.355151903828688     
   3.0944687637859465       -1.9319100429158182       -14.235611977448738     
   3.0976103564395361       -1.9781772922907670       -15.242245201975921     
   3.1007519490931261       -2.0278422038916917       -16.404190854986833     
   3.1038935417467157       -2.0814507112024989       -17.760303092246200     
   3.1070351344003058       -2.1396915745664380       -19.363567114731097     
   3.1101767270538954       -2.2034509748498445       -21.288165126494754     
   3.1133183197074850       -2.2738959711866693       -23.641253070557386     
   3.1164599123610750       -2.3526073237296998       -26.583570140442806     
   3.1196015050146646       -2.4418014790151239       -30.367713965116479     
   3.1227430976682546       -2.5447248413969197       -35.414691659091424     
   3.1258846903218442       -2.6664107845772573       -42.482333463440597     
   3.1290262829754343       -2.8152921794941204       -53.086329761764212     
   3.1321678756290239       -3.0071785621856586       -70.763349632484818     
   3.1353094682826139       -3.2775643544223882       -106.12354018506295     
   3.1384510609362035       -3.7397128300043625       -212.21816495441752     
