  1.57079632679489665E-003  1.11585838324951166E-006
  3.14159265358979331E-003  4.46340745667912672E-006
  4.71238898038468974E-003  1.00425689895014937E-005
  6.28318530717958661E-003  1.78532125951836584E-005
  7.85398163397448348E-003  2.78951557376659441E-005
  9.42477796076937949E-003  4.01681637518238672E-005
  1.09955742875642772E-002  5.46719498272678619E-005
  1.25663706143591732E-002  7.14054461301910425E-005
  1.41371669411540692E-002  9.03695258536382231E-005
  1.57079632679489670E-002  1.11563187797620732E-004
  1.72787595947438630E-002  1.34985936757474442E-004
  1.88495559215387590E-002  1.60637225478282028E-004
  2.04203522483336550E-002  1.88516454663992716E-004
  2.19911485751285544E-002  2.18622973001534617E-004
  2.35619449019234505E-002  2.50955436675518904E-004
  2.51327412287183465E-002  2.85514283246601308E-004
  2.67035375555132425E-002  3.22298147531894467E-004
  2.82743338823081385E-002  3.61306170398935887E-004
  2.98451302091030379E-002  4.02537440898950770E-004
  3.14159265358979339E-002  4.45990996223393876E-004
  3.29867228626928299E-002  4.91665821729083286E-004
  3.45575191894877259E-002  5.39560851039397175E-004
  3.61283155162826219E-002  5.89674966049605212E-004
  3.76991118430775179E-002  6.42006996942719220E-004
  3.92699081698724139E-002  6.96555722307025025E-004
  4.08407044966673100E-002  7.53319869101470277E-004
  4.24115008234622129E-002  8.12298112754268088E-004
  4.39822971502571089E-002  8.73489077187715392E-004
  4.55530934770520049E-002  9.36890736813502582E-004
  4.71238898038469009E-002  1.00250276695339853E-003
  4.86946861306417969E-002  1.07032307978890441E-003
  5.02654824574366929E-002  1.14035009377876171E-003
  5.18362787842315889E-002  1.21258217617146720E-003
  5.34070751110264849E-002  1.28701764308392151E-003
  5.49778714378213809E-002  1.36365475946042614E-003
  5.65486677646162769E-002  1.44249173928178505E-003
  5.81194640914111729E-002  1.52352674554780349E-003
  5.96902604182060759E-002  1.60675789033278222E-003
  6.12610567450009719E-002  1.69218323492106664E-003
  6.28318530717958679E-002  1.77980078981476611E-003
  6.44026493985907639E-002  1.86960851483482108E-003
  6.59734457253856599E-002  1.96160431918901987E-003
  6.75442420521805559E-002  2.05578606157898452E-003
  6.91150383789754519E-002  2.15215155026578274E-003
  7.06858347057703479E-002  2.25069854309573915E-003
  7.22566310325652439E-002  2.35142474767924660E-003
  7.38274273593601399E-002  2.45432782137492258E-003
  7.53982236861550359E-002  2.55940537149025593E-003
  7.69690200129499319E-002  2.66665495526502601E-003
  7.85398163397448279E-002  2.77607408001684245E-003
  8.01106126665397239E-002  2.88766020321165650E-003
  8.16814089933346199E-002  3.00141073260567093E-003
  8.32522053201295159E-002  3.11732302625354922E-003
  8.48230016469244258E-002  3.23539439267056745E-003
  8.63937979737193218E-002  3.35562209093828376E-003
  8.79645943005142178E-002  3.47800333075567840E-003
  8.95353906273091138E-002  3.60253469696783383E-003
  9.11061869541040098E-002  3.72921443185205087E-003
  9.26769832808989058E-002  3.85803904198035730E-003
  9.42477796076938018E-002  3.98900554071516221E-003
  9.58185759344886978E-002  4.12211089255730325E-003
  9.73893722612835938E-002  4.25735201333192741E-003
  9.89601685880784898E-002  4.39472577022940319E-003
  0.10053096491487339       4.53422898198112875E-003
  0.10210176124166828       4.67585841894440409E-003
  0.10367255756846318       4.81961080323647494E-003
  0.10524335389525807       4.96548280883727603E-003
  0.10681415022205297       5.11347106174684773E-003
  0.10838494654884787       5.26357214000335374E-003
  0.10995574287564276       5.41578257398650943E-003
  0.11152653920243766       5.57009884636834336E-003
  0.11309733552923255       5.72651739238636340E-003
  0.11466813185602745       5.88503459984431217E-003
  0.11623892818282235       6.04564680932104942E-003
  0.11780972450961726       6.20835031429853128E-003
  0.11938052083641215       6.37314136127282473E-003
  0.12095131716320705       6.54001614992729460E-003
  0.12252211349000194       6.70897083318983730E-003
  0.12409290981679684       6.88000151748878724E-003
  0.12566370614359174       7.05310426280307892E-003
  0.12723450247038662       7.22827508282838146E-003
  0.12880529879718153       7.40550994513930298E-003
  0.13037609512397641       7.58480477130199244E-003
  0.13194689145077132       7.76615543710206403E-003
  0.13351768777756620       7.94955777256086717E-003
  0.13508848410436111       8.13500756152804594E-003
  0.13665928043115602       8.32250054445908896E-003
  0.13823007675795090       8.51203241456339500E-003
  0.13980087308474581       8.70359882066353528E-003
  0.14137166941154070       8.89719536660981726E-003
  0.14294246573833561       9.09281761154133450E-003
  0.14451326206513049       9.29046106994985653E-003
  0.14608405839192540       9.49012121185599869E-003
  0.14765485471872028       9.69179346307030322E-003
  0.14922565104551519       9.89547320521124048E-003
  0.15079644737231007       1.01011557759469375E-002
  0.15236724369910498       1.03088364691776707E-002
  0.15393804002589986       1.05185105351702189E-002
  0.15550883635269477       1.07301731807241101E-002
  0.15707963267948966       1.09438195693462026E-002
  0.15865042900628457       1.11594448214583485E-002
  0.16022122533307945       1.13770440144885659E-002
  0.16179202165987436       1.15966121831765911E-002
  0.16336281798666924       1.18181443195838516E-002
  0.16493361431346415       1.20416353734103775E-002
  0.16650441064025903       1.22670802520893300E-002
  0.16807520696705394       1.24944738210034309E-002
  0.16964600329384885       1.27238109036764829E-002
  0.17121679962064373       1.29550862819179952E-002
  0.17278759594743864       1.31882946959975579E-002
  0.17435839227423353       1.34234308449057427E-002
  0.17592918860102844       1.36604893864672190E-002
  0.17749998492782332       1.38994649375428232E-002
  0.17907078125461823       1.41403515056390122E-002
  0.18064157758141311       1.43831447536204825E-002
  0.18221237390820802       1.46278386177646318E-002
  0.18378317023500290       1.48744275530267832E-002
  0.18535396656179781       1.51229059743103536E-002
  0.18692476288859269       1.53732682567452490E-002
  0.18849555921538760       1.56255087358282245E-002
  0.19006635554218249       1.58796217076207918E-002
  0.19163715186897740       1.61356014289662474E-002
  0.19320794819577228       1.63934421177010965E-002
  0.19477874452256719       1.66531379528139720E-002
  0.19634954084936207       1.69146830746570408E-002
  0.19792033717615698       1.71780715852008076E-002
  0.19949113350295186       1.74432975481397107E-002
  0.20106192982974677       1.77103549891726823E-002
  0.20263272615654168       1.79792378961862384E-002
  0.20420352248333656       1.82499402194492011E-002
  0.20577431881013147       1.85224558718347365E-002
  0.20734511513692636       1.87967787289902398E-002
  0.20891591146372127       1.90729026296241923E-002
  0.21048670779051615       1.93508213756010301E-002
  0.21205750411731106       1.96305287322911803E-002
  0.21362830044410594       1.99120184286413551E-002
  0.21519909677090085       2.01952841574439372E-002
  0.21676989309769573       2.04803195756440050E-002
  0.21834068942449064       2.07671183043848483E-002
  0.21991148575128552       2.10556739293131893E-002
  0.22148228207808043       2.13459800008100400E-002
  0.22305307840487532       2.16380300341760430E-002
  0.22462387473167023       2.19318175098674496E-002
  0.22619467105846511       2.22273358736453652E-002
  0.22776546738526002       2.25245785369208723E-002
  0.22933626371205490       2.28235388768373432E-002
  0.23090706003884981       2.31242102366231023E-002
  0.23247785636564469       2.34265859256678616E-002
  0.23404865269243960       2.37306592199057684E-002
  0.23561944901923451       2.40364233618996156E-002
  0.23719024534602939       2.43438715611482559E-002
  0.23876104167282430       2.46529969942230996E-002
  0.24033183799961919       2.49637928051492305E-002
  0.24190263432641410       2.52762521054548488E-002
  0.24347343065320898       2.55903679744950013E-002
  0.24504422698000389       2.59061334596383183E-002
  0.24661502330679877       2.62235415765768101E-002
  0.24818581963359368       2.65425853094115524E-002
  0.24975661596038856       2.68632576102824788E-002
  0.25132741228718347       2.71855514024371137E-002
  0.25289820861397838       2.75094595761356080E-002
  0.25446900494077324       2.78349749917506072E-002
  0.25603980126756815       2.81620904792929672E-002
  0.25761059759436306       2.84907988386530024E-002
  0.25918139392115797       2.88210928397999548E-002
  0.26075219024795282       2.91529652230397701E-002
  0.26232298657474773       2.94864086992890143E-002
  0.26389378290154264       2.98214159501831513E-002
  0.26546457922833755       3.01579796284411755E-002
  0.26703537555513240       3.04960923580412310E-002
  0.26860617188192731       3.08357467344526834E-002
  0.27017696820872222       3.11769353248660189E-002
  0.27174776453551713       3.15196506685081340E-002
  0.27331856086231204       3.18638852767236802E-002
  0.27488935718910690       3.22096316333586388E-002
  0.27646015351590181       3.25568821949415652E-002
  0.27803094984269672       3.29056293908896041E-002
  0.27960174616949163       3.32558656238092498E-002
  0.28117254249628648       3.36075832696547047E-002
  0.28274333882308139       3.39607746780663800E-002
  0.28431413514987630       3.43154321725283457E-002
  0.28588493147667121       3.46715480506395099E-002
  0.28745572780346607       3.50291145843336718E-002
  0.28902652413026098       3.53881240201808708E-002
  0.29059732045705589       3.57485685795042724E-002
  0.29216811678385080       3.61104404587489561E-002
  0.29373891311064565       3.64737318296798896E-002
  0.29530970943744056       3.68384348395906086E-002
  0.29688050576423547       3.72045416115624264E-002
  0.29845130209103038       3.75720442446903016E-002
  0.30002209841782523       3.79409348143813635E-002
  0.30159289474462014       3.83112053725572430E-002
  0.30316369107141505       3.86828479478625309E-002
  0.30473448739820996       3.90558545459663009E-002
  0.30630528372500487       3.94302171497720594E-002
  0.30787608005179973       3.98059277196628827E-002
  0.30944687637859464       4.01829781937413505E-002
  0.31101767270538955       4.05613604881020773E-002
  0.31258846903218446       4.09410664970035615E-002
  0.31415926535897931       4.13220880932069212E-002
  0.31573006168577422       4.17044171281284320E-002
  0.31730085801256913       4.20880454321727882E-002
  0.31887165433936404       4.24729648148470390E-002
  0.32044245066615890       4.28591670651386064E-002
  0.32201324699295381       4.32466439517178863E-002
  0.32358404331974872       4.36353872231005011E-002
  0.32515483964654363       4.40253886080007595E-002
  0.32672563597333848       4.44166398155072251E-002
  0.32829643230013339       4.48091325353583564E-002
  0.32986722862692830       4.52028584381802614E-002
  0.33143802495372321       4.55978091756888901E-002
  0.33300882128051806       4.59939763809998764E-002
  0.33457961760731297       4.63913516688177763E-002
  0.33615041393410788       4.67899266357096541E-002
  0.33772121026090279       4.71896928603356414E-002
  0.33929200658769770       4.75906419036943654E-002
  0.34086280291449256       4.79927653093481579E-002
  0.34243359924128747       4.83960546037048023E-002
  0.34400439556808238       4.88005012962010321E-002
  0.34557519189487729       4.92060968795989123E-002
  0.34714598822167214       4.96128328302284233E-002
  0.34871678454846705       5.00207006081700434E-002
  0.35028758087526196       5.04296916575831186E-002
  0.35185837720205687       5.08397974068056438E-002
  0.35342917352885173       5.12510092688134022E-002
  0.35499996985564664       5.16633186412308390E-002
  0.35657076618244155       5.20767169067589825E-002
  0.35814156250923646       5.24911954332502803E-002
  0.35971235883603131       5.29067455740927714E-002
  0.36128315516282622       5.33233586683899974E-002
  0.36285395148962113       5.37410260411546117E-002
  0.36442474781641604       5.41597390036388168E-002
  0.36599554414321089       5.45794882900773257E-002
  0.36756634047000580       5.50002663071868514E-002
  0.36913713679680071       5.54220637672482169E-002
  0.37070793312359562       5.58448719286932377E-002
  0.37227872945039053       5.62686820373068664E-002
  0.37384952577718539       5.66934853265048597E-002
  0.37542032210398030       5.71192730175741070E-002
  0.37699111843077521       5.75460363198930513E-002
  0.37856191475757012       5.79737664311737871E-002
  0.38013271108436497       5.84024545377215265E-002
  0.38170350741115988       5.88320918146321981E-002
  0.38327430373795479       5.92626694260328032E-002
  0.38484510006474970       5.96941785253786925E-002
  0.38641589639154456       6.01266102556033410E-002
  0.38798669271833947       6.05599557493894519E-002
  0.38955748904513438       6.09942061294255766E-002
  0.39112828537192929       6.14293525085762224E-002
  0.39269908169872414       6.18653859902117478E-002
  0.39426987802551905       6.23022976683516236E-002
  0.39584067435231396       6.27400786279262296E-002
  0.39741147067910887       6.31787199450109666E-002
  0.39898226700590372       6.36182126871101955E-002
  0.40055306333269863       6.40585479132518287E-002
  0.40212385965949354       6.44997166743842831E-002
  0.40369465598628845       6.49417100134754705E-002
  0.40526545231308336       6.53845189657976250E-002
  0.40683624863987822       6.58281345591811284E-002
  0.40840704496667313       6.62725478141718699E-002
  0.40997784129346804       6.67177497443409429E-002
  0.41154863762026295       6.71637313564281552E-002
  0.41311943394705780       6.76104836506342122E-002
  0.41469023027385271       6.80579976208254001E-002
  0.41626102660064762       6.85062642547533268E-002
  0.41783182292744253       6.89552745342990603E-002
  0.41940261925423739       6.94050194356290451E-002
  0.42097341558103230       6.98554899295502213E-002
  0.42254421190782721       7.03066769816039217E-002
  0.42411500823462212       7.07585715523593173E-002
  0.42568580456141697       7.12111645975919277E-002
  0.42725660088821188       7.16644470685822987E-002
  0.42882739721500679       7.21184099122013367E-002
  0.43039819354180170       7.25730440713111269E-002
  0.43196898986859655       7.30283404848216661E-002
  0.43353978619539146       7.34842900880263994E-002
  0.43511058252218637       7.39408838126859175E-002
  0.43668137884898128       7.43981125874397381E-002
  0.43825217517577619       7.48559673378026702E-002
  0.43982297150257105       7.53144389865718911E-002
  0.44139376782936596       7.57735184539255341E-002
  0.44296456415616087       7.62331966576941522E-002
  0.44453536048295578       7.66934645135445292E-002
  0.44610615680975063       7.71543129352034035E-002
  0.44767695313654554       7.76157328346979009E-002
  0.44924774946334045       7.80777151224778393E-002
  0.45081854579013536       7.85402507077394008E-002
  0.45238934211693022       7.90033304986088036E-002
  0.45396013844372513       7.94669454022791516E-002
  0.45553093477052004       7.99310863253052950E-002
  0.45710173109731495       8.03957441737491035E-002
  0.45867252742410980       8.08609098534491533E-002
  0.46024332375090471       8.13265742701839850E-002
  0.46181412007769962       8.17927283299098584E-002
  0.46338491640449453       8.22593629388751607E-002
  0.46495571273128938       8.27264690040044048E-002
  0.46652650905808429       8.31940374329226545E-002
  0.46809730538487920       8.36620591342408793E-002
  0.46966810171167411       8.41305250177658698E-002
  0.47123889803846902       8.45994259946935279E-002
  0.47280969436526388       8.50687529777837959E-002
  0.47438049069205879       8.55384968815639801E-002
  0.47595128701885370       8.60086486225703772E-002
  0.47752208334564861       8.64791991195187348E-002
  0.47909287967244346       8.69501392935183304E-002
  0.48066367599923837       8.74214600682061693E-002
  0.48223447232603328       8.78931523700410139E-002
  0.48380526865282819       8.83652071284126428E-002
  0.48537606497962305       8.88376152759015741E-002
  0.48694686130641796       8.93103677484199387E-002
  0.48851765763321287       8.97834554854437111E-002
  0.49008845396000777       9.02568694301927044E-002
  0.49165925028680263       9.07306005298334634E-002
  0.49323004661359754       9.12046397356028882E-002
  0.49480084294039245       9.16789780031050383E-002
  0.49637163926718736       9.21536062924229737E-002
  0.49794243559398221       9.26285155683438111E-002
  0.49951323192077712       9.31036968005113930E-002
  0.50108402824757203       9.35791409636353017E-002
  0.50265482457436694       9.40548390376798049E-002
  0.50422562090116185       9.45307820080537042E-002
  0.50579641722795676       9.50069608649697084E-002
  0.50736721355475167       9.54833666068316544E-002
  0.50893800988154647       9.59599902356422091E-002
  0.51050880620834138       9.64368227603532718E-002
  0.51207960253513629       9.69138551962741290E-002
  0.51365039886193120       9.73910785652185029E-002
  0.51522119518872611       9.78684838957196573E-002
  0.51679199151552102       9.83460622231537851E-002
  0.51836278784231593       9.88238045900096257E-002
  0.51993358416911084       9.93017020459362604E-002
  0.52150438049590564       9.97797456480425254E-002
  0.52307517682270055       0.10025792646101303     
  0.52464597314949546       0.10073623555723128     
  0.52621676947629037       0.10121466401706325     
  0.52778756580308528       0.10169320292893257     
  0.52935836212988019       0.10217184338955759     
  0.53092915845667510       0.10265057650407007     
  0.53249995478347001       0.10312939338622366     
  0.53407075111026481       0.10360828515851134     
  0.53564154743705972       0.10408724295240050     
  0.53721234376385463       0.10456625790843642     
  0.53878314009064954       0.10504532117643806     
  0.54035393641744445       0.10552442391566055     
  0.54192473274423936       0.10600355729497926     
  0.54349552907103427       0.10648271249296327     
  0.54506632539782918       0.10696188069814529     
  0.54663712172462409       0.10744105310913737     
  0.54820791805141889       0.10792022093477656     
  0.54977871437821380       0.10839937539428343     
  0.55134951070500871       0.10887850771746523     
  0.55292030703180362       0.10935760914482330     
  0.55449110335859852       0.10983667092770631     
  0.55606189968539343       0.11031568432849799     
  0.55763269601218834       0.11079464062076669     
  0.55920349233898325       0.11127353108939551     
  0.56077428866577805       0.11175234703072437     
  0.56234508499257296       0.11223107975276540     
  0.56391588131936787       0.11270972057528496     
  0.56548667764616278       0.11318826082997252     
  0.56705747397295769       0.11366669186060713     
  0.56862827029975260       0.11414500502318309     
  0.57019906662654751       0.11462319168606748     
  0.57176986295334242       0.11510124323013092     
  0.57334065928013733       0.11557915104891014     
  0.57491145560693213       0.11605690654875718     
  0.57648225193372704       0.11653450114895686     
  0.57805304826052195       0.11701192628187104     
  0.57962384458731686       0.11748917339306579     
  0.58119464091411177       0.11796623394156922     
  0.58276543724090668       0.11844309939978546     
  0.58433623356770159       0.11891976125384325     
  0.58590702989449650       0.11939621100364881     
  0.58747782622129130       0.11987244016296267     
  0.58904862254808621       0.12034844025967582     
  0.59061941887488112       0.12082420283579608     
  0.59219021520167603       0.12129971944767758     
  0.59376101152847094       0.12177498166613251     
  0.59533180785526585       0.12224998107650245     
  0.59690260418206076       0.12272470927890966     
  0.59847340050885567       0.12319915788825878     
  0.60004419683565047       0.12367331853443894     
  0.60161499316244538       0.12414718286245131     
  0.60318578948924029       0.12462074253249661     
  0.60475658581603520       0.12509398922011902     
  0.60632738214283011       0.12556691461634076     
  0.60789817846962502       0.12603951042777842     
  0.60946897479641993       0.12651176837677172     
  0.61103977112321484       0.12698368020148873     
  0.61261056745000975       0.12745523765604186     
  0.61418136377680455       0.12792643251066191     
  0.61575216010359946       0.12839725655173054     
  0.61732295643039437       0.12886770158197838     
  0.61889375275718927       0.12933775942056736     
  0.62046454908398418       0.12980742190318645     
  0.62203534541077909       0.13027668088221170     
  0.62360614173757400       0.13074552822676735     
  0.62517693806436891       0.13121395582289394     
  0.62674773439116371       0.13168195557363210     
  0.62831853071795862       0.13214951939913880     
  0.62988932704475353       0.13261663923677161     
  0.63146012337154844       0.13308330704126445     
  0.63303091969834335       0.13354951478477761     
  0.63460171602513826       0.13401525445699369     
  0.63617251235193317       0.13448051806527234     
  0.63774330867872808       0.13494529763478227     
  0.63931410500552299       0.13540958520848717     
  0.64088490133231779       0.13587337284736839     
  0.64245569765911270       0.13633665263049508     
  0.64402649398590761       0.13679941665506351     
  0.64559729031270252       0.13726165703659526     
  0.64716808663949743       0.13772336590897460     
  0.64873888296629234       0.13818453542457446     
  0.65030967929308725       0.13864515775433356     
  0.65188047561988216       0.13910522508788473     
  0.65345127194667696       0.13956472963360605     
  0.65502206827347187       0.14002366361879129     
  0.65659286460026678       0.14048201928963802     
  0.65816366092706169       0.14093978891146949     
  0.65973445725385660       0.14139696476869942     
  0.66130525358065151       0.14185353916502205     
  0.66287604990744642       0.14230950442345941     
  0.66444684623424133       0.14276485288644930     
  0.66601764256103613       0.14321957691598014     
  0.66758843888783104       0.14367366889359692     
  0.66915923521462595       0.14412712122055693     
  0.67073003154142086       0.14457992631792671     
  0.67230082786821577       0.14503207662658193     
  0.67387162419501068       0.14548356460741443     
  0.67544242052180559       0.14593438274129480     
  0.67701321684860050       0.14638452352926878     
  0.67858401317539541       0.14683397949251698     
  0.68015480950219021       0.14728274317256881     
  0.68172560582898512       0.14773080713129008     
  0.68329640215578002       0.14817816395098771     
  0.68486719848257493       0.14862480623452617     
  0.68643799480936984       0.14907072660531012     
  0.68800879113616475       0.14951591770750108     
  0.68957958746295966       0.14996037220595218     
  0.69115038378975457       0.15040408278640943     
  0.69272118011654937       0.15084704215548317     
  0.69429197644334428       0.15128924304080163     
  0.69586277277013919       0.15173067819100858     
  0.69743356909693410       0.15217134037593216     
  0.69900436542372901       0.15261122238655164     
  0.70057516175052392       0.15305031703516300     
  0.70214595807731883       0.15348861715533355     
  0.70371675440411374       0.15392611560213273     
  0.70528755073090865       0.15436280525206120     
  0.70685834705770345       0.15479867900317479     
  0.70842914338449836       0.15523372977513231     
  0.70999993971129327       0.15566795050929827     
  0.71157073603808818       0.15610133416877880     
  0.71314153236488309       0.15653387373847361     
  0.71471232869167800       0.15696556222515351     
  0.71628312501847291       0.15739639265757263     
  0.71785392134526782       0.15782635808642631     
  0.71942471767206262       0.15825545158450993     
  0.72099551399885753       0.15868366624672633     
  0.72256631032565244       0.15911099519016980     
  0.72413710665244735       0.15953743155414604     
  0.72570790297924226       0.15996296850028699     
  0.72727869930603717       0.16038759921257217     
  0.72884949563283208       0.16081131689739930     
  0.73042029195962699       0.16123411478361793     
  0.73199108828642179       0.16165598612262033     
  0.73356188461321670       0.16207692418835823     
  0.73513268094001161       0.16249692227742576     
  0.73670347726680652       0.16291597370909242     
  0.73827427359360143       0.16333407182537396     
  0.73984506992039634       0.16375120999105663     
  0.74141586624719125       0.16416738159378663     
  0.74298666257398616       0.16458258004407580     
  0.74455745890078107       0.16499679877539089     
  0.74612825522757587       0.16541003124417109     
  0.74769905155437077       0.16582227092988139     
  0.74926984788116568       0.16623351133508349     
  0.75084064420796059       0.16664374598545492     
  0.75241144053475550       0.16705296842985690     
  0.75398223686155041       0.16746117224032400     
  0.75555303318834532       0.16786835101219572     
  0.75712382951514023       0.16827449836410940     
  0.75869462584193503       0.16867960793800615     
  0.76026542216872994       0.16908367339927219     
  0.76183621849552485       0.16948668843667936     
  0.76340701482231976       0.16988864676248558     
  0.76497781114911467       0.17028954211243497     
  0.76654860747590958       0.17068936824584363     
  0.76811940380270449       0.17108811894560766     
  0.76969020012949940       0.17148578801823292     
  0.77126099645629431       0.17188236929389822     
  0.77283179278308911       0.17227785662647707     
  0.77440258910988402       0.17267224389356661     
  0.77597338543667893       0.17306552499654293     
  0.77754418176347384       0.17345769386055540     
  0.77911497809026875       0.17384874443461362     
  0.78068577441706366       0.17423867069160140     
  0.78225657074385857       0.17462746662826925     
  0.78382736707065348       0.17501512626533042     
  0.78539816339744828       0.17540164364742661     
  0.78696895972424319       0.17578701284323406     
  0.78853975605103810       0.17617122794540768     
  0.79011055237783301       0.17655428307067944     
  0.79168134870462792       0.17693617235986162     
  0.79325214503142283       0.17731688997785167     
  0.79482294135821774       0.17769643011369024     
  0.79639373768501265       0.17807478698059243     
  0.79796453401180745       0.17845195481594847     
  0.79953533033860236       0.17882792788134438     
  0.80110612666539727       0.17920270046262990     
  0.80267692299219218       0.17957626686988234     
  0.80424771931898709       0.17994862143751267     
  0.80581851564578200       0.18031975852416926     
  0.80738931197257691       0.18068967251288134     
  0.80896010829937182       0.18105835781100207     
  0.81053090462616673       0.18142580885025800     
  0.81210170095296152       0.18179202008677986     
  0.81367249727975643       0.18215698600109287     
  0.81524329360655134       0.18252070109814378     
  0.81681408993334625       0.18288315990735829     
  0.81838488626014116       0.18324435698259273     
  0.81995568258693607       0.18360428690220806     
  0.82152647891373098       0.18396294426905591     
  0.82309727524052589       0.18432032371050244     
  0.82466807156732069       0.18467641987845271     
  0.82623886789411560       0.18503122744936434     
  0.82780966422091051       0.18538474112422040     
  0.82938046054770542       0.18573695562863210     
  0.83095125687450033       0.18608786571274533     
  0.83252205320129524       0.18643746615136611     
  0.83409284952809015       0.18678575174384707     
  0.83566364585488506       0.18713271731421532     
  0.83723444218167986       0.18747835771110827     
  0.83880523850847477       0.18782266780784102     
  0.84037603483526968       0.18816564250235018     
  0.84194683116206459       0.18850727671726220     
  0.84351762748885950       0.18884756539986555     
  0.84508842381565441       0.18918650352214481     
  0.84665922014244932       0.18952408608075758     
  0.84823001646924423       0.18986030809710067     
  0.84980081279603914       0.19019516461723548     
  0.85137160912283394       0.19052865071194613     
  0.85294240544962885       0.19086076147677178     
  0.85451320177642376       0.19119149203191840     
  0.85608399810321867       0.19152083752236154     
  0.85765479443001358       0.19184879311781555     
  0.85922559075680849       0.19217535401268251     
  0.86079638708360340       0.19250051542618704     
  0.86236718341039831       0.19282427260221335     
  0.86393797973719311       0.19314662080945200     
  0.86550877606398802       0.19346755534132498     
  0.86707957239078293       0.19378707151599547     
  0.86865036871757784       0.19410516467637257     
  0.87022116504437275       0.19442183019015208     
  0.87179196137116766       0.19473706344975208     
  0.87336275769796257       0.19505085987235241     
  0.87493355402475748       0.19536321489986705     
  0.87650435035155239       0.19567412399900189     
  0.87807514667834718       0.19598358266116306     
  0.87964594300514209       0.19629158640251768     
  0.88121673933193700       0.19659813076400370     
  0.88278753565873191       0.19690321131127200     
  0.88435833198552682       0.19720682363469430     
  0.88592912831232173       0.19750896334943077     
  0.88749992463911664       0.19780962609529870     
  0.88907072096591155       0.19810880753689467     
  0.89064151729270635       0.19840650280173275     
  0.89221231361950126       0.19870270872647211     
  0.89378310994629617       0.19899742048897895     
  0.89535390627309108       0.19929063385262114     
  0.89692470259988599       0.19958234460552327     
  0.89849549892668090       0.19987254856048228     
  0.90006629525347581       0.20016124155494802     
  0.90163709158027072       0.20044841945107744     
  0.90320788790706552       0.20073407813566521     
  0.90477868423386043       0.20101821352014801     
  0.90634948056065534       0.20130082154062767     
  0.90792027688745025       0.20158189815781985     
  0.90949107321424516       0.20186143935707573     
  0.91106186954104007       0.20213944114835380     
  0.91263266586783498       0.20241589956619688     
  0.91420346219462989       0.20269081066977304     
  0.91577425852142480       0.20296417054277821     
  0.91734505484821960       0.20323597529354323     
  0.91891585117501451       0.20350622105487759     
  0.92048664750180942       0.20377490398416126     
  0.92205744382860433       0.20404202026331808     
  0.92362824015539924       0.20430756609877032     
  0.92519903648219415       0.20457153772140840     
  0.92676983280898906       0.20483393138666750     
  0.92834062913578397       0.20509474337441855     
  0.92991142546257877       0.20535396998897396     
  0.93148222178937368       0.20561160755911639     
  0.93305301811616859       0.20586765243802613     
  0.93462381444296350       0.20612210100330886     
  0.93619461076975841       0.20637494965695119     
  0.93776540709655332       0.20662619482531150     
  0.93933620342334823       0.20687583295912748     
  0.94090699975014314       0.20712386053344586     
  0.94247779607693805       0.20737027404765490     
  0.94404859240373284       0.20761507002543253     
  0.94561938873052775       0.20785824501476191     
  0.94719018505732266       0.20809979558785366     
  0.94876098138411757       0.20833971834122328     
  0.95033177771091248       0.20857800989554812     
  0.95190257403770739       0.20881466689578168     
  0.95347337036450230       0.20904968601101301     
  0.95504416669129721       0.20928306393450782     
  0.95661496301809201       0.20951479738371975     
  0.95818575934488692       0.20974488310015627     
  0.95975655567168183       0.20997331784949702     
  0.96132735199847674       0.21020009842145690     
  0.96289814832527165       0.21042522162985169     
  0.96446894465206656       0.21064868431249939     
  0.96603974097886147       0.21087048333124947     
  0.96761053730565638       0.21109061557196268     
  0.96918133363245118       0.21130907794443926     
  0.97075212995924609       0.21152586738244453     
  0.97232292628604100       0.21174098084366222     
  0.97389372261283591       0.21195441530967404     
  0.97546451893963082       0.21216616778594788     
  0.97703531526642573       0.21237623530177721     
  0.97860611159322064       0.21258461491032932     
  0.98017690792001555       0.21279130368850371     
  0.98174770424681046       0.21299629873705686     
  0.98331850057360526       0.21319959718042913     
  0.98488929690040017       0.21340119616680697     
  0.98646009322719508       0.21360109286808784     
  0.98803088955398999       0.21379928447983496     
  0.98960168588078490       0.21399576822123359     
  0.99117248220757981       0.21419054133513771     
  0.99274327853437472       0.21438360108793886     
  0.99431407486116963       0.21457494476964761     
  0.99588487118796443       0.21476456969374200     
  0.99745566751475934       0.21495247319728050     
  0.99902646384155425       0.21513865264076881     
   1.0005972601683493       0.21532310540815300     
   1.0021680564951441       0.21550582890683564     
   1.0037388528219389       0.21568682056758626     
   1.0053096491487339       0.21586607784455492     
   1.0068804454755287       0.21604359821523811     
   1.0084512418023237       0.21621937918041306     
   1.0100220381291185       0.21639341826416522     
   1.0115928344559135       0.21656571301381158     
   1.0131636307827083       0.21673626099989401     
   1.0147344271095033       0.21690505981613006     
   1.0163052234362981       0.21707210707941088     
   1.0178760197630929       0.21723740042975379     
   1.0194468160898880       0.21740093753026099     
   1.0210176124166828       0.21756271606709876     
   1.0225884087434778       0.21772273374948983     
   1.0241592050702726       0.21788098830962238     
   1.0257300013970676       0.21803747750268959     
   1.0273007977238624       0.21819219910680113     
   1.0288715940506572       0.21834515092297768     
   1.0304423903774522       0.21849633077513048     
   1.0320131867042470       0.21864573650997315     
   1.0335839830310420       0.21879336599706520     
   1.0351547793578368       0.21893921712872405     
   1.0367255756846319       0.21908328782002651     
   1.0382963720114267       0.21922557600872175     
   1.0398671683382217       0.21936607965526822     
   1.0414379646650165       0.21950479674277021     
   1.0430087609918113       0.21964172527688960     
   1.0445795573186063       0.21977686328594051     
   1.0461503536454011       0.21991020882071710     
   1.0477211499721961       0.22004175995453337     
   1.0492919462989909       0.22017151478317551     
   1.0508627426257859       0.22029947142488321     
   1.0524335389525807       0.22042562802026644     
   1.0540043352793758       0.22054998273232868     
   1.0555751316061706       0.22067253374638879     
   1.0571459279329654       0.22079327927007045     
   1.0587167242597604       0.22091221753326018     
   1.0602875205865552       0.22102934678805727     
   1.0618583169133502       0.22114466530874766     
   1.0634291132401450       0.22125817139179654     
   1.0649999095669400       0.22136986335575626     
   1.0665707058937348       0.22147973954126779     
   1.0681415022205296       0.22158779831103054     
   1.0697122985473246       0.22169403804973770     
   1.0712830948741194       0.22179845716405455     
   1.0728538912009145       0.22190105408258010     
   1.0744246875277093       0.22200182725581857     
   1.0759954838545043       0.22210077515611940     
   1.0775662801812991       0.22219789627767311     
   1.0791370765080941       0.22229318913643986     
   1.0807078728348889       0.22238665227013232     
   1.0822786691616837       0.22247828423819008     
   1.0838494654884787       0.22256808362168765     
   1.0854202618152735       0.22265604902335373     
   1.0869910581420685       0.22274217906754223     
   1.0885618544688633       0.22282647240010714     
   1.0901326507956584       0.22290892768846871     
   1.0917034471224532       0.22298954362151091     
   1.0932742434492482       0.22306831890955731     
   1.0948450397760430       0.22314525228434146     
   1.0964158361028378       0.22322034249897177     
   1.0979866324296328       0.22329358832785073     
   1.0995574287564276       0.22336498856671316     
   1.1011282250832226       0.22343454203250473     
   1.1026990214100174       0.22350224756340284     
   1.1042698177368124       0.22356810401874988     
   1.1058406140636072       0.22363211027900023     
   1.1074114103904023       0.22369426524572433     
   1.1089822067171970       0.22375456784153253     
   1.1105530030439918       0.22381301701004752     
   1.1121237993707869       0.22386961171585962     
   1.1136945956975817       0.22392435094450694     
   1.1152653920243767       0.22397723370239089     
   1.1168361883511715       0.22402825901679138     
   1.1184069846779665       0.22407742593579338     
   1.1199777810047613       0.22412473352822443     
   1.1215485773315561       0.22417018088369353     
   1.1231193736583511       0.22421376711245816     
   1.1246901699851459       0.22425549134544243     
   1.1262609663119409       0.22429535273417039     
   1.1278317626387357       0.22433335045074917     
   1.1294025589655308       0.22436948368779727     
   1.1309733552923256       0.22440375165841775     
   1.1325441516191206       0.22443615359617244     
   1.1341149479459154       0.22446668875502868     
   1.1356857442727102       0.22449535640929780     
   1.1372565405995052       0.22452215585361854     
   1.1388273369263000       0.22454708640292492     
   1.1403981332530950       0.22457014739237430     
   1.1419689295798898       0.22459133817732066     
   1.1435397259066848       0.22461065813328604     
   1.1451105222334796       0.22462810665589880     
   1.1466813185602747       0.22464368316084549     
   1.1482521148870695       0.22465738708387967     
   1.1498229112138643       0.22466921788070043     
   1.1513937075406593       0.22467917502698720     
   1.1529645038674541       0.22468725801831438     
   1.1545353001942491       0.22469346637009713     
   1.1561060965210439       0.22469779961761768     
   1.1576768928478389       0.22470025731587717     
   1.1592476891746337       0.22470083903965854     
   1.1608184855014285       0.22469954438344425     
   1.1623892818282235       0.22469637296131884     
   1.1639600781550183       0.22469132440701922     
   1.1655308744818134       0.22468439837383078     
   1.1671016708086082       0.22467559453457148     
   1.1686724671354032       0.22466491258154331     
   1.1702432634621980       0.22465235222648600     
   1.1718140597889930       0.22463791320050885     
   1.1733848561157878       0.22462159525410677     
   1.1749556524425826       0.22460339815708508     
   1.1765264487693776       0.22458332169850984     
   1.1780972450961724       0.22456136568665339     
   1.1796680414229674       0.22453752994900245     
   1.1812388377497622       0.22451181433216025     
   1.1828096340765573       0.22448421870184071     
   1.1843804304033521       0.22445474294279694     
   1.1859512267301471       0.22442338695881195     
   1.1875220230569419       0.22439015067261403     
   1.1890928193837367       0.22435503402586546     
   1.1906636157105317       0.22431803697910963     
   1.1922344120373265       0.22427915951172811     
   1.1938052083641215       0.22423840162191422     
   1.1953760046909163       0.22419576332656732     
   1.1969468010177113       0.22415124466133646     
   1.1985175973445061       0.22410484568050695     
   1.2000883936713009       0.22405656645701424     
   1.2016591899980960       0.22400640708235081     
   1.2032299863248908       0.22395436766653579     
   1.2048007826516858       0.22390044833810002     
   1.2063715789784806       0.22384464924401667     
   1.2079423753052756       0.22378697054964877     
   1.2095131716320704       0.22372741243872935     
   1.2110839679588654       0.22366597511330369     
   1.2126547642856602       0.22360265879370322     
   1.2142255606124550       0.22353746371847041     
   1.2157963569392500       0.22347039014433415     
   1.2173671532660448       0.22340143834617981     
   1.2189379495928399       0.22333060861698628     
   1.2205087459196347       0.22325790126777334     
   1.2220795422464297       0.22318331662758553     
   1.2236503385732245       0.22310685504342195     
   1.2252211349000195       0.22302851688022046     
   1.2267919312268143       0.22294830252078277     
   1.2283627275536091       0.22286621236576465     
   1.2299335238804041       0.22278224683358078     
   1.2315043202071989       0.22269640636043286     
   1.2330751165339939       0.22260869140019651     
   1.2346459128607887       0.22251910242441661     
   1.2362167091875838       0.22242763992226150     
   1.2377875055143785       0.22233430440047258     
   1.2393583018411733       0.22223909638330164     
   1.2409290981679684       0.22214201641248979     
   1.2424998944947632       0.22204306560775891     
   1.2440706908215582       0.22194224342346536     
   1.2456414871483530       0.22183955101523542     
   1.2472122834751480       0.22173498899430932     
   1.2487830798019428       0.22162855798919553     
   1.2503538761287378       0.22152025864562602     
   1.2519246724555326       0.22141009162650721     
   1.2534954687823274       0.22129805761187482     
   1.2550662651091224       0.22118415729885468     
   1.2566370614359172       0.22106839140161696     
   1.2582078577627123       0.22095076065134306     
   1.2597786540895071       0.22083126579615997     
   1.2613494504163021       0.22070990760110587     
   1.2629202467430969       0.22058668684808980     
   1.2644910430698919       0.22046160433584433     
   1.2660618393966867       0.22033466087989895     
   1.2676326357234815       0.22020585731249601     
   1.2692034320502765       0.22007519448258800     
   1.2707742283770713       0.21994267325575792     
   1.2723450247038663       0.21980829451421441     
   1.2739158210306611       0.21967205915671406     
   1.2754866173574562       0.21953396809853271     
   1.2770574136842510       0.21939402227142779     
   1.2786282100110460       0.21925222262356897     
   1.2801990063378408       0.21910857011953072     
   1.2817698026646356       0.21896306574020621     
   1.2833405989914306       0.21881571048281370     
   1.2849113953182254       0.21866650536079874     
   1.2864821916450204       0.21851545140382195     
   1.2880529879718152       0.21836254965772389     
   1.2896237842986102       0.21820780118445324     
   1.2911945806254050       0.21805120706204784     
   1.2927653769521998       0.21789276838456861     
   1.2943361732789949       0.21773248626205374     
   1.2959069696057897       0.21757036182052825     
   1.2974777659325847       0.21740639620187810     
   1.2990485622593795       0.21724059056387238     
   1.3006193585861745       0.21707294608008373     
   1.3021901549129693       0.21690346393986165     
   1.3037609512397643       0.21673214534828197     
   1.3053317475665591       0.21655899152610125     
   1.3069025438933539       0.21638400370971569     
   1.3084733402201489       0.21620718315112350     
   1.3100441365469437       0.21602853111786627     
   1.3116149328737388       0.21584804889300160     
   1.3131857292005336       0.21566573777504922     
   1.3147565255273286       0.21548159907794701     
   1.3163273218541234       0.21529563413102423     
   1.3178981181809184       0.21510784427891860     
   1.3194689145077132       0.21491823088158246     
   1.3210397108345080       0.21472679531420638     
   1.3226105071613030       0.21453353896718497     
   1.3241813034880978       0.21433846324606851     
   1.3257520998148928       0.21414156957152275     
   1.3273228961416876       0.21394285937930779     
   1.3288936924684827       0.21374233412018395     
   1.3304644887952775       0.21353999525990386     
   1.3320352851220723       0.21333584427918714     
   1.3336060814488673       0.21312988267361913     
   1.3351768777756621       0.21292211195365213     
   1.3367476741024571       0.21271253364457282     
   1.3383184704292519       0.21250114928640818     
   1.3398892667560469       0.21228796043392320     
   1.3414600630828417       0.21207296865656478     
   1.3430308594096367       0.21185617553841699     
   1.3446016557364315       0.21163758267816463     
   1.3461724520632263       0.21141719168904671     
   1.3477432483900214       0.21119500419879889     
   1.3493140447168162       0.21097102184963845     
   1.3508848410436112       0.21074524629820296     
   1.3524556373704060       0.21051767921550457     
   1.3540264336972010       0.21028832228689892     
   1.3555972300239958       0.21005717721203476     
   1.3571680263507908       0.20982424570480970     
   1.3587388226775856       0.20958952949333162     
   1.3603096190043804       0.20935303031987926     
   1.3618804153311754       0.20911474994084539     
   1.3634512116579702       0.20887469012670662     
   1.3650220079847653       0.20863285266197629     
   1.3665928043115600       0.20838923934516490     
   1.3681636006383551       0.20814385198872970     
   1.3697343969651499       0.20789669241904440     
   1.3713051932919447       0.20764776247633077     
   1.3728759896187397       0.20739706401466135     
   1.3744467859455345       0.20714459890186215     
   1.3760175822723295       0.20689036901952282     
   1.3775883785991243       0.20663437626290748     
   1.3791591749259193       0.20637662254093853     
   1.3807299712527141       0.20611710977616160     
   1.3823007675795091       0.20585583990467193     
   1.3838715639063039       0.20559281487610598     
   1.3854423602330987       0.20532803665357341     
   1.3870131565598938       0.20506150721362332     
   1.3885839528866886       0.20479322854621546     
   1.3901547492134836       0.20452320265465571     
   1.3917255455402784       0.20425143155556680     
   1.3932963418670734       0.20397791727884412     
   1.3948671381938682       0.20370266186760844     
   1.3964379345206632       0.20342566737817513     
   1.3980087308474580       0.20314693587999544     
   1.3995795271742528       0.20286646945563791     
   1.4011503235010478       0.20258427020071623     
   1.4027211198278426       0.20230034022387564     
   1.4042919161546377       0.20201468164673275     
   1.4058627124814325       0.20172729660383995     
   1.4074335088082275       0.20143818724263926     
   1.4090043051350223       0.20114735572344147     
   1.4105751014618173       0.20085480421934207     
   1.4121458977886121       0.20056053491622192     
   1.4137166941154069       0.20026455001268617     
   1.4152874904422019       0.19996685172001674     
   1.4168582867689967       0.19966744226214744     
   1.4184290830957917       0.19936632387560702     
   1.4199998794225865       0.19906349880948890     
   1.4215706757493816       0.19875896932539677     
   1.4231414720761764       0.19845273769742164     
   1.4247122684029712       0.19814480621208702     
   1.4262830647297662       0.19783517716830290     
   1.4278538610565610       0.19752385287733898     
   1.4294246573833560       0.19721083566277695     
   1.4309954537101508       0.19689612786046162     
   1.4325662500369458       0.19657973181847027     
   1.4341370463637406       0.19626164989707140     
   1.4357078426905356       0.19594188446867622     
   1.4372786390173304       0.19562043791779729     
   1.4388494353441252       0.19529731264101916     
   1.4404202316709203       0.19497251104694222     
   1.4419910279977151       0.19464603555614868     
   1.4435618243245101       0.19431788860117644     
   1.4451326206513049       0.19398807262644310     
   1.4467034169780999       0.19365659008823655     
   1.4482742133048947       0.19332344345465949     
   1.4498450096316897       0.19298863520560100     
   1.4514158059584845       0.19265216783267672     
   1.4529866022852793       0.19231404383920450     
   1.4545573986120743       0.19197426574014678     
   1.4561281949388691       0.19163283606306633     
   1.4576989912656642       0.19128975734418188     
   1.4592697875924590       0.19094503213415914     
   1.4608405839192540       0.19059866299418407     
   1.4624113802460488       0.19025065249690382     
   1.4639821765728436       0.18990100322636827     
   1.4655529728996386       0.18954971777800400     
   1.4671237692264334       0.18919679875856735     
   1.4686945655532284       0.18884224878611222     
   1.4702653618800232       0.18848607048993712     
   1.4718361582068182       0.18812826651055356     
   1.4734069545336130       0.18776883949964701     
   1.4749777508604081       0.18740779212003097     
   1.4765485471872029       0.18704512704561232     
   1.4781193435139977       0.18668084696134690     
   1.4796901398407927       0.18631495456320529     
   1.4812609361675875       0.18594745255812736     
   1.4828317324943825       0.18557834366398201     
   1.4844025288211773       0.18520763060952850     
   1.4859733251479723       0.18483531613438847     
   1.4875441214747671       0.18446140298898547     
   1.4891149178015621       0.18408589393451735     
   1.4906857141283569       0.18370879174291743     
   1.4922565104551517       0.18333009919680926     
   1.4938273067819468       0.18294981908947300     
   1.4953981031087415       0.18256795422480299     
   1.4969688994355366       0.18218450741726322     
   1.4985396957623314       0.18179948149186387     
   1.5001104920891264       0.18141287928409477     
   1.5016812884159212       0.18102470363991982     
   1.5032520847427160       0.18063495741571178     
   1.5048228810695110       0.18024364347821908     
   1.5063936773963058       0.17985076470453476     
   1.5079644737231008       0.17945632398205136     
   1.5095352700498956       0.17906032420841733     
   1.5111060663766906       0.17866276829151173     
   1.5126768627034854       0.17826365914938530     
   1.5142476590302805       0.17786299971024355     
   1.5158184553570753       0.17746079291238881     
   1.5173892516838701       0.17705704225785129     
   1.5189600480106651       0.17665174958256685     
   1.5205308443374599       0.17624491842366388     
   1.5221016406642549       0.17583655175948223     
   1.5236724369910497       0.17542665257827267     
   1.5252432333178447       0.17501522387815549     
   1.5268140296446395       0.17460226866709111     
   1.5283848259714345       0.17418778996282827     
   1.5299556222982293       0.17377179079288135     
   1.5315264186250241       0.17335427419447566     
   1.5330972149518192       0.17293524321452369     
   1.5346680112786140       0.17251470090957652     
   1.5362388076054090       0.17209265034578908     
   1.5378096039322038       0.17166909459888444     
   1.5393804002589988       0.17124403675410663     
   1.5409511965857936       0.17081747990707388     
   1.5425219929125886       0.17038942716018166     
   1.5440927892393834       0.16995988162794790     
   1.5456635855661782       0.16952884643335270     
   1.5472343818929732       0.16909632470871319     
   1.5488051782197680       0.16866231959564140     
   1.5503759745465631       0.16822683424501703     
   1.5519467708733579       0.16778987181693655     
   1.5535175672001529       0.16735143548068937     
   1.5550883635269477       0.16691152841471199     
   1.5566591598537425       0.16647015380654601     
   1.5582299561805375       0.16602731540262816     
   1.5598007525073323       0.16558301524122493     
   1.5613715488341273       0.16513725715428301     
   1.5629423451609221       0.16469004436541304     
   1.5645131414877171       0.16424138010715103     
   1.5660839378145119       0.16379126762091933     
   1.5676547341413070       0.16333971071324421     
   1.5692255304681018       0.16288671125281062     
   1.5707963267948966       0.16243227335453081     
   1.5723671231216916       0.16197640025288973     
   1.5739379194484864       0.16151909527528635     
   1.5755087157752814       0.16106036254742914     
   1.5770795121020762       0.16060020396354552     
   1.5786503084288712       0.16013862339848103     
   1.5802211047556660       0.15967562417195064     
   1.5817919010824610       0.15921120961219123     
   1.5833626974092558       0.15874538362341384     
   1.5849334937360506       0.15827814848826399     
   1.5865042900628457       0.15780950805559635     
   1.5880750863896405       0.15733946568733176     
   1.5896458827164355       0.15686802475373210     
   1.5912166790432303       0.15639518863334453     
   1.5927874753700253       0.15592096071298098     
   1.5943582716968201       0.15544534438766952     
   1.5959290680236149       0.15496834306062557     
   1.5974998643504099       0.15448996014321029     
   1.5990706606772047       0.15401019905579139     
   1.6006414570039997       0.15352906322419074     
   1.6022122533307945       0.15304655608483808     
   1.6037830496575896       0.15256268108132429     
   1.6053538459843844       0.15207744166521187     
   1.6069246423111794       0.15159084129599434     
   1.6084954386379742       0.15110288344105599     
   1.6100662349647690       0.15061357157564079     
   1.6116370312915640       0.15012290918282015     
   1.6132078276183588       0.14963089975344665     
   1.6147786239451538       0.14913754678612534     
   1.6163494202719486       0.14864285378717901     
   1.6179202165987436       0.14814682427060713     
   1.6194910129255384       0.14764946233311615     
   1.6210618092523335       0.14715077037351712     
   1.6226326055791283       0.14665075248408474     
   1.6242034019059230       0.14614941220917788     
   1.6257741982327181       0.14564675310065672     
   1.6273449945595129       0.14514277871784964     
   1.6289157908863079       0.14463749262751244     
   1.6304865872131027       0.14413089840379709     
   1.6320573835398977       0.14362299962821484     
   1.6336281798666925       0.14311379988959963     
   1.6351989761934873       0.14260330278407521     
   1.6367697725202823       0.14209151191501693     
   1.6383405688470771       0.14157843089302163     
   1.6399113651738721       0.14106406333586488     
   1.6414821615006669       0.14054841286847392     
   1.6430529578274620       0.14003148312288721     
   1.6446237541542568       0.13951327773822150     
   1.6461945504810518       0.13899380036063455     
   1.6477653468078466       0.13847305464329634     
   1.6493361431346414       0.13795104424634608     
   1.6509069394614364       0.13742777283686286     
   1.6524777357882312       0.13690324408882992     
   1.6540485321150262       0.13637746168309828     
   1.6556193284418210       0.13585042930735425     
   1.6571901247686160       0.13532215065608250     
   1.6587609210954108       0.13479262943053386     
   1.6603317174222059       0.13426186934012199     
   1.6619025137490007       0.13372987409669579     
   1.6634733100757955       0.13319664742298795     
   1.6650441064025905       0.13266219304696464     
   1.6666149027293853       0.13212651470318237     
   1.6681856990561803       0.13158961613275888     
   1.6697564953829751       0.13105150108333463     
   1.6713272917097701       0.13051217330904047     
   1.6728980880365649       0.12997163657046210     
   1.6744688843633597       0.12942989463460849     
   1.6760396806901547       0.12888695127487534     
   1.6776104770169495       0.12834281027101224     
   1.6791812733437446       0.12779747540908781     
   1.6807520696705394       0.12725095048145743     
   1.6823228659973344       0.12670323928672697     
   1.6838936623241292       0.12615434562972180     
   1.6854644586509242       0.12560427332145011     
   1.6870352549777190       0.12505302617907019     
   1.6886060513045138       0.12450060802585880     
   1.6901768476313088       0.12394702269117405     
   1.6917476439581036       0.12339227401042452     
   1.6933184402848986       0.12283636582503374     
   1.6948892366116934       0.12227930198240823     
   1.6964600329384885       0.12172108633590319     
   1.6980308292652833       0.12116172274478881     
   1.6996016255920783       0.12060121507421720     
   1.7011724219188731       0.12003956719519052     
   1.7027432182456679       0.11947678298452390     
   1.7043140145724629       0.11891286632481674     
   1.7058848108992577       0.11834782110441647     
   1.7074556072260527       0.11778165121738615     
   1.7090264035528475       0.11721436056347127     
   1.7105971998796425       0.11664595304806674     
   1.7121679962064373       0.11607643258218533     
   1.7137387925332324       0.11550580308242156     
   1.7153095888600272       0.11493406847092227     
   1.7168803851868220       0.11436123267534884     
   1.7184511815136170       0.11378729962885165     
   1.7200219778404118       0.11321227327002992     
   1.7215927741672068       0.11263615754290379     
   1.7231635704940016       0.11205895639687938     
   1.7247343668207966       0.11148067378671604     
   1.7263051631475914       0.11090131367249534     
   1.7278759594743862       0.11032088001958643     
   1.7294467558011812       0.10973937679861642     
   1.7310175521279760       0.10915680798543370     
   1.7325883484547711       0.10857317756107990     
   1.7341591447815659       0.10798848951175365     
   1.7357299411083609       0.10740274782878129     
   1.7373007374351557       0.10681595707233479     
   1.7388715337619507       0.10622812012269947     
   1.7404423300887455       0.10563924154384841     
   1.7420131264155403       0.10504932534729114     
   1.7435839227423353       0.10445837554950074     
   1.7451547190691301       0.10386639617188467     
   1.7467255153959251       0.10327339124075002     
   1.7482963117227199       0.10267936478727528     
   1.7498671080495150       0.10208432084747328     
   1.7514379043763098       0.10148826346216330     
   1.7530087007031048       0.10089119667693755     
   1.7545794970298996       0.10029312454213056     
   1.7561502933566944       9.96940511127850371E-002
   1.7577210896834894       9.90939804486240944E-002
   1.7592918860102842       9.84929166140134371E-002
   1.7608626823370792       9.78908636779354940E-002
   1.7624334786638740       9.72878257139548897E-002
   1.7640042749906690       9.66838068001877604E-002
   1.7655750713174638       9.60788110192714040E-002
   1.7671458676442586       9.54728424559149469E-002
   1.7687166639710536       9.48659052065167624E-002
   1.7702874602978484       9.42580033646802651E-002
   1.7718582566246435       9.36491410308048361E-002
   1.7734290529514383       9.30393223096595140E-002
   1.7749998492782333       9.24285513103319661E-002
   1.7765706456050281       9.18168321462219106E-002
   1.7781414419318231       9.12041689349909757E-002
   1.7797122382586179       9.05905657985428825E-002
   1.7812830345854127       8.99760268629837962E-002
   1.7828538309122077       8.93605562585984420E-002
   1.7844246272390025       8.87441581198143009E-002
   1.7859954235657975       8.81268365851778229E-002
   1.7875662198925923       8.75085957973103928E-002
   1.7891370162193874       8.68894399028881242E-002
   1.7907078125461822       8.62693730526124108E-002
   1.7922786088729772       8.56483994011714295E-002
   1.7938494051997720       8.50265231072065003E-002
   1.7954202015265668       8.44037483333020117E-002
   1.7969909978533618       8.37800792459247046E-002
   1.7985617941801566       8.31555200154216606E-002
   1.8001325905069516       8.25300748159661646E-002
   1.8017033868337464       8.19037478255459500E-002
   1.8032741831605414       8.12765432259203446E-002
   1.8048449794873362       8.06484652025920429E-002
   1.8064157758141310       8.00195179447808630E-002
   1.8079865721409261       7.93897056453938266E-002
   1.8095573684677209       7.87590325009849546E-002
   1.8111281647945159       7.81275027117360465E-002
   1.8126989611213107       7.74951204814253447E-002
   1.8142697574481057       7.68618900173898001E-002
   1.8158405537749005       7.62278155304980803E-002
   1.8174113501016955       7.55929012351257007E-002
   1.8189821464284903       7.49571513491184283E-002
   1.8205529427552851       7.43205700937645125E-002
   1.8221237390820801       7.36831616937660555E-002
   1.8236945354088749       7.30449303772090219E-002
   1.8252653317356700       7.24058803755299185E-002
   1.8268361280624648       7.17660159234865397E-002
   1.8284069243892598       7.11253412591311973E-002
   1.8299777207160546       7.04838606245998395E-002
   1.8315485170428496       6.98415782628095810E-002
   1.8331193133696444       6.91984984223253941E-002
   1.8346901096964392       6.85546253540728484E-002
   1.8362609060232342       6.79099633121237056E-002
   1.8378317023500290       6.72645165536614881E-002
   1.8394024986768240       6.66182893389574982E-002
   1.8409732950036188       6.59712859313354438E-002
   1.8425440913304139       6.53235105971528840E-002
   1.8441148876572087       6.46749676057491452E-002
   1.8456856839840037       6.40256612294443500E-002
   1.8472564803107985       6.33755957434910672E-002
   1.8488272766375933       6.27247754260484153E-002
   1.8503980729643883       6.20732045581605524E-002
   1.8519688692911831       6.14208874237126279E-002
   1.8535396656179781       6.07678283094185839E-002
   1.8551104619447729       6.01140315047803964E-002
   1.8566812582715679       5.94595013020600138E-002
   1.8582520545983627       5.88042419962598178E-002
   1.8598228509251575       5.81482578850762433E-002
   1.8613936472519526       5.74915532688907438E-002
   1.8629644435787474       5.68341324507224549E-002
   1.8645352399055424       5.61759997362137609E-002
   1.8661060362323372       5.55171594335919505E-002
   1.8676768325591322       5.48576158536474429E-002
   1.8692476288859270       5.41973733096976495E-002
   1.8708184252127220       5.35364361175645342E-002
   1.8723892215395168       5.28748085955344643E-002
   1.8739600178663116       5.22124950643555186E-002
   1.8755308141931066       5.15494998471779792E-002
   1.8771016105199014       5.08858272695416614E-002
   1.8786724068466965       5.02214816593415797E-002
   1.8802432031734913       4.95564673468160410E-002
   1.8818139995002863       4.88907886644920769E-002
   1.8833847958270811       4.82244499471722460E-002
   1.8849555921538761       4.75574555319053377E-002
   1.8865263884806709       4.68898097579576040E-002
   1.8880971848074657       4.62215169667827136E-002
   1.8896679811342607       4.55525815019903052E-002
   1.8912387774610555       4.48830077093264751E-002
   1.8928095737878505       4.42127999366353219E-002
   1.8943803701146453       4.35419625338366728E-002
   1.8959511664414403       4.28704998529024495E-002
   1.8975219627682351       4.21984162478165753E-002
   1.8990927590950299       4.15257160745586690E-002
   1.9006635554218250       4.08524036910662552E-002
   1.9022343517486198       4.01784834572140731E-002
   1.9038051480754148       3.95039597347835586E-002
   1.9053759444022096       3.88288368874317030E-002
   1.9069467407290046       3.81531192806691954E-002
   1.9085175370557994       3.74768112818311128E-002
   1.9100883333825944       3.67999172600407681E-002
   1.9116591297093892       3.61224415861964021E-002
   1.9132299260361840       3.54443886329280505E-002
   1.9148007223629790       3.47657627745861925E-002
   1.9163715186897738       3.40865683871994091E-002
   1.9179423150165689       3.34068098484555098E-002
   1.9195131113433637       3.27264915376674903E-002
   1.9210839076701587       3.20456178357562821E-002
   1.9226547039969535       3.13641931252113815E-002
   1.9242255003237485       3.06822217900670768E-002
   1.9257962966505433       2.99997082158830752E-002
   1.9273670929773381       2.93166567897105712E-002
   1.9289378893041331       2.86330719000549433E-002
   1.9305086856309279       2.79489579368730062E-002
   1.9320794819577229       2.72643192915139609E-002
   1.9336502782845177       2.65791603567289980E-002
   1.9352210746113128       2.58934855266111652E-002
   1.9367918709381076       2.52072991965797688E-002
   1.9383626672649024       2.45206057633680502E-002
   1.9399334635916974       2.38334096249697980E-002
   1.9415042599184922       2.31457151806352124E-002
   1.9430750562452872       2.24575268308239429E-002
   1.9446458525720820       2.17688489772035060E-002
   1.9462166488988770       2.10796860225898747E-002
   1.9477874452256718       2.03900423709517109E-002
   1.9493582415524668       1.96999224273587820E-002
   1.9509290378792616       1.90093305979790322E-002
   1.9524998342060564       1.83182712900207822E-002
   1.9540706305328515       1.76267489117424847E-002
   1.9556414268596463       1.69347678723968803E-002
   1.9572122231864413       1.62423325822184383E-002
   1.9587830195132361       1.55494474523901055E-002
   1.9603538158400311       1.48561168950230305E-002
   1.9619246121668259       1.41623453231281560E-002
   1.9634954084936209       1.34681371505814690E-002
   1.9650662048204157       1.27734967921165343E-002
   1.9666370011472105       1.20784286632671795E-002
   1.9682077974740055       1.13829371803723933E-002
   1.9697785938008003       1.06870267605376629E-002
   1.9713493901275954       9.99070182160992359E-003
   1.9729201864543902       9.29396678214089444E-003
   1.9744909827811852       8.59682606137458782E-003
   1.9760617791079800       7.89928407921458575E-003
   1.9776325754347750       7.20134525619960109E-003
   1.9792033717615698       6.50301401347386232E-003
   1.9807741680883646       5.80429477277689954E-003
   1.9823449644151596       5.10519195638269030E-003
   1.9839157607419544       4.40570998711284356E-003
   1.9854865570687494       3.70585328828404448E-003
   1.9870573533955442       3.00562628370014406E-003
   1.9886281497223393       2.30503339761300996E-003
   1.9901989460491341       1.60407905468960832E-003
   1.9917697423759289       9.02767680011268281E-004
   1.9933405387027239       2.01103699034838046E-004
   1.9949113350295187      -5.00908462445659453E-004
   1.9964821313563137      -1.20326437830713118E-003
   1.9980529276831085      -1.90595962212269932E-003
   1.9996237240099035      -2.60898976720250197E-003
   2.0011945203366985      -3.31235038661227554E-003
   2.0027653166634933      -4.01603705318244464E-003
   2.0043361129902881      -4.72004533957817718E-003
   2.0059069093170829      -5.42437081826911693E-003
   2.0074777056438777      -6.12900906158990455E-003
   2.0090485019706730      -6.83395564175896808E-003
   2.0106192982974678      -7.53920613089800740E-003
   2.0121900946242626      -8.24475610105650236E-003
   2.0137608909510574      -8.95060112426140919E-003
   2.0153316872778526      -9.65673677250353246E-003
   2.0169024836046474      -1.03631586178014184E-002
   2.0184732799314422      -1.10698622321810658E-002
   2.0200440762582370      -1.17768431877567775E-002
   2.0216148725850318      -1.24840970567086651E-002
   2.0231856689118271      -1.31916194113313456E-002
   2.0247564652386218      -1.38994058240554108E-002
   2.0263272615654166      -1.46074518674760012E-002
   2.0278980578922114      -1.53157531143578024E-002
   2.0294688542190067      -1.60243051376944556E-002
   2.0310396505458015      -1.67331035107083775E-002
   2.0326104468725963      -1.74421438068740470E-002
   2.0341812431993911      -1.81514215999604156E-002
   2.0357520395261859      -1.88609324640417603E-002
   2.0373228358529811      -1.95706719735266044E-002
   2.0388936321797759      -2.02806357031883322E-002
   2.0404644285065707      -2.09908192281779288E-002
   2.0420352248333655      -2.17012181240563845E-002
   2.0436060211601603      -2.24118279668269749E-002
   2.0451768174869556      -2.31226443329373421E-002
   2.0467476138137504      -2.38336627993353256E-002
   2.0483184101405452      -2.45448789434527526E-002
   2.0498892064673400      -2.52562883432814744E-002
   2.0514600027941352      -2.59678865773478457E-002
   2.0530307991209300      -2.66796692247720096E-002
   2.0546015954477248      -2.73916318652749069E-002
   2.0561723917745196      -2.81037700792116096E-002
   2.0577431881013144      -2.88160794475828680E-002
   2.0593139844281096      -2.95285555520766602E-002
   2.0608847807549044      -3.02411934122831794E-002
   2.0624555770816992      -3.09539897344002085E-002
   2.0640263734084940      -3.16669395420148686E-002
   2.0655971697352893      -3.23800384197685531E-002
   2.0671679660620841      -3.30932819531011974E-002
   2.0687387623888789      -3.38066657282902056E-002
   2.0703095587156737      -3.45201853324450525E-002
   2.0718803550424685      -3.52338363535640298E-002
   2.0734511513692637      -3.59476143805363552E-002
   2.0750219476960585      -3.66615150031558840E-002
   2.0765927440228533      -3.73755338121888742E-002
   2.0781635403496481      -3.80896663993445239E-002
   2.0797343366764434      -3.88039083573490512E-002
   2.0813051330032382      -3.95182552799261261E-002
   2.0828759293300330      -4.02327027618519656E-002
   2.0844467256568278      -4.09472463989402208E-002
   2.0860175219836226      -4.16618817881396070E-002
   2.0875883183104178      -4.23766045274789893E-002
   2.0891591146372126      -4.30914102161117918E-002
   2.0907299109640074      -4.38062944543828048E-002
   2.0923007072908022      -4.45212528437951144E-002
   2.0938715036175974      -4.52362809870627824E-002
   2.0954422999443922      -4.59513744881447223E-002
   2.0970130962711870      -4.66665289522258664E-002
   2.0985838925979818      -4.73817399857937721E-002
   2.1001546889247766      -4.80970031966215517E-002
   2.1017254852515719      -4.88123141938189842E-002
   2.1032962815783667      -4.95276685878169587E-002
   2.1048670779051615      -5.02430619904507755E-002
   2.1064378742319563      -5.09584900149185963E-002
   2.1080086705587515      -5.16739482758697410E-002
   2.1095794668855463      -5.23894323893534034E-002
   2.1111502632123411      -5.31049379729175222E-002
   2.1127210595391359      -5.38204606455716869E-002
   2.1142918558659307      -5.45359960278608141E-002
   2.1158626521927260      -5.52515397418405704E-002
   2.1174334485195208      -5.59670874111310446E-002
   2.1190042448463156      -5.66826346609261497E-002
   2.1205750411731104      -5.73981771180425357E-002
   2.1221458374999056      -5.81137104108942273E-002
   2.1237166338267004      -5.88292301695521672E-002
   2.1252874301534952      -5.95447320257793608E-002
   2.1268582264802900      -6.02602116130026913E-002
   2.1284290228070848      -6.09756645663874150E-002
   2.1299998191338800      -6.16910865228245328E-002
   2.1315706154606748      -6.24064731209730134E-002
   2.1331414117874696      -6.31218200012869379E-002
   2.1347122081142644      -6.38371228060171242E-002
   2.1362830044410592      -6.45523771792359397E-002
   2.1378538007678545      -6.52675787668971497E-002
   2.1394245970946493      -6.59827232167976840E-002
   2.1409953934214441      -6.66978061786523690E-002
   2.1425661897482389      -6.74128233041160485E-002
   2.1441369860750341      -6.81277702467403684E-002
   2.1457077824018289      -6.88426426620706022E-002
   2.1472785787286237      -6.95574362076477049E-002
   2.1488493750554185      -7.02721465430096170E-002
   2.1504201713822133      -7.09867693297328850E-002
   2.1519909677090086      -7.17013002314418058E-002
   2.1535617640358033      -7.24157349138602330E-002
   2.1551325603625981      -7.31300690447840157E-002
   2.1567033566893929      -7.38442982941610593E-002
   2.1582741530161882      -7.45584183340467221E-002
   2.1598449493429830      -7.52724248387107858E-002
   2.1614157456697778      -7.59863134845619459E-002
   2.1629865419965726      -7.67000799502751129E-002
   2.1645573383233674      -7.74137199166997081E-002
   2.1661281346501626      -7.81272290669879771E-002
   2.1676989309769574      -7.88406030865370921E-002
   2.1692697273037522      -7.95538376630696986E-002
   2.1708405236305470      -8.02669284866025790E-002
   2.1724113199573423      -8.09798712495370943E-002
   2.1739821162841371      -8.16926616465949162E-002
   2.1755529126109319      -8.24052953749059985E-002
   2.1771237089377267      -8.31177681340030949E-002
